# Project Zomboid Mesh
# File Version:
1.00000000
# Model Name:
Vehicles_Van_Burnt
# Vertex Stride Element Count:
3
# Vertex Stride Size (in bytes):
76
# Vertex Stride Data:
# (Int)    Offset
# (String) Type
0
VertexArray
12
NormalArray
24
TextureCoordArray
# Vertex Count:
903
# Vertex Buffer:
-0.02833500, 0.15360800, 0.84458000
-0.03578392, 0.60296770, 0.79696270
0.58081350, 0.69432380
-0.16150400, 0.11637900, 0.85662100
-0.07608794, 0.59969670, 0.79660180
0.55342130, 0.69969140
-0.02779500, 0.13104000, 0.86167800
-0.03747322, 0.60288310, 0.79694900
0.58081870, 0.70072020
-0.16291100, 0.13738200, 0.84061500
-0.07449934, 0.60128600, 0.79555330
0.55336170, 0.69374920
-0.42507300, 0.14096200, 0.81998800
-0.42520920, 0.48908780, 0.76157090
0.49837200, 0.69002160
-0.38490200, 0.11994500, 0.83705600
-0.10707880, 0.49540480, 0.86203720
0.50615320, 0.69682380
-0.46634800, 0.10712300, 0.81539500
-0.74370830, 0.50635500, 0.43646600
0.48973020, 0.68672610
-0.46634800, 0.10712200, 0.81539500
-0.29511260, 0.51504550, 0.80475870
0.48783820, 0.69442560
0.10601400, 0.13236900, 0.85679300
0.04982636, 0.60389380, 0.79550590
0.60854300, 0.70006880
0.10636700, 0.15085600, 0.84273400
0.05066283, 0.59588350, 0.80147120
0.60853820, 0.69485300
0.32987900, 0.12875700, 0.83751500
0.10435900, 0.31177360, 0.94440800
0.65649400, 0.69646230
0.36461200, 0.15344900, 0.82581300
0.39525150, 0.38807970, 0.83256850
0.66309860, 0.69023060
0.41146400, 0.11991000, 0.81595900
0.72582990, 0.56074140, 0.39842190
0.67367350, 0.68762290
0.41146400, 0.11991000, 0.81595900
0.24762820, 0.72913780, 0.63799550
0.67536090, 0.69322910
0.11026700, 0.14135300, 0.71212100
-0.51965480, 0.79132410, 0.32212590
0.74719520, 0.12325720
0.20627000, 0.12453400, 0.71704100
-0.08914744, -0.53007450, 0.84325190
0.77182530, 0.12919760
0.21502300, 0.14390800, 0.71218900
0.48005180, 0.81570270, 0.32276830
0.77420140, 0.12325740
0.11994700, 0.12242900, 0.71698600
0.11380220, -0.52512900, 0.84337930
0.74957130, 0.12919760
0.20607200, 0.13320100, 0.69543400
-0.10575900, 0.19889510, -0.97429760
0.77182530, 0.12666870
0.11975000, 0.13109600, 0.69537800
0.09719295, 0.20383910, -0.97416790
0.74957130, 0.12666870
0.25114100, 0.05620500, 0.68922600
-0.19464580, -0.36943120, 0.90864380
0.78295210, 0.15109570
0.26947500, 0.06098700, 0.67843400
0.99970260, 0.02437775, 0.00064378
0.78770420, 0.14983130
0.25094300, 0.06487100, 0.66761800
-0.21125420, 0.35953790, -0.90890270
0.78295210, 0.14856670
0.20968900, -0.01423000, 0.66135600
-0.09719976, -0.20383770, 0.97416750
0.77182510, 0.17299370
0.21917300, -0.02448700, 0.64461200
0.51966080, -0.79132000, -0.32212640
0.77420140, 0.17640520
0.20949200, -0.00556400, 0.63974800
-0.11381300, 0.52512850, -0.84337810
0.77182510, 0.17046480
0.12336700, -0.01633500, 0.66130000
0.10575610, -0.19889110, 0.97429870
0.74957130, 0.17299370
0.11441700, -0.02704200, 0.64454500
-0.48004770, -0.81570490, -0.32276890
0.74719520, 0.17640520
0.12316900, -0.00766900, 0.63969200
0.08914818, 0.53007790, -0.84324970
0.74957130, 0.17046480
0.07849600, 0.05199500, 0.68911500
0.21125530, -0.35953470, 0.90890370
0.73844420, 0.15109570
0.05996400, 0.05587800, 0.67830000
-0.99970260, -0.02437973, -0.00064216
0.73369210, 0.14983130
0.07829800, 0.06066100, 0.66750800
0.19464660, 0.36943350, -0.90864270
0.73844420, 0.14856670
0.15417400, -0.02359700, 0.88502000
0.00836700, -0.36757480, 0.92995630
0.75284080, 0.14913150
0.17879000, -0.02299700, 0.88503600
0.00836700, -0.36757480, 0.92995630
0.76668610, 0.14913150
0.16620000, -0.01185100, 0.88955500
0.00836689, -0.36757030, 0.92995810
0.75976350, 0.14312460
0.16676400, -0.03474300, 0.88050100
0.00836711, -0.36757930, 0.92995450
0.75976350, 0.15513860
0.15229000, 0.05916100, 0.67564400
-0.82108380, 0.19231790, -0.53743390
0.75750000, 0.14953180
0.17690600, 0.05976100, 0.67566000
0.81142280, 0.23213150, -0.53638430
0.76384600, 0.14953180
0.16488000, 0.04801500, 0.67112600
0.01387939, -0.54685920, -0.83710950
0.76067300, 0.15314380
0.16431600, 0.07090600, 0.68017900
-0.02353064, 0.97129580, -0.23670800
0.76067300, 0.14592000
0.15417400, -0.02359700, 0.88502000
-0.99970260, -0.02437926, -0.00064298
0.75750000, 0.17365740
0.16620000, -0.01185100, 0.88955500
-0.02291366, 0.92967510, 0.36766730
0.76067290, 0.17004550
0.17879000, -0.02299700, 0.88503600
0.99970260, 0.02437742, 0.00064231
0.76384600, 0.17365740
0.16676400, -0.03474300, 0.88050100
0.02290152, -0.92967530, -0.36766730
0.76067290, 0.17726920
0.11071300, 0.37826100, 0.66980800
0.05596282, 0.55379200, 0.83077230
0.60064940, 0.46115610
0.29767700, 0.37321300, 0.31029200
0.23790360, 0.97111430, 0.01841042
0.50202490, 0.41207160
-0.02895900, 0.38431000, 0.31041700
-0.02151228, 0.99929860, 0.03065157
0.50208500, 0.49768020
0.29767700, 0.37061600, 0.64950100
0.14704560, 0.79911620, 0.58291580
0.59515430, 0.41202850
0.43362700, -0.32769200, 0.28943800
0.02470190, -0.99932720, -0.02710877
0.98584880, 0.34293130
0.43356300, -0.33826800, 0.70572100
0.02439026, -0.99938010, -0.02538699
0.98397720, 0.43221150
0.22611700, -0.34333700, 0.70598000
0.02456285, -0.99756060, -0.06534217
0.94070330, 0.43229560
0.32961700, 0.35794700, 0.31124800
0.72531440, 0.68803660, -0.02290492
0.50254330, 0.40373610
0.32961700, 0.36584700, 0.62942100
0.56731740, 0.80036190, 0.19383430
0.58809580, 0.40372460
0.29788100, 0.40519400, -0.98216400
0.42941670, 0.78429320, -0.44775600
0.15229590, 0.20373580
0.41160400, 0.16239800, -1.01456000
0.89416800, 0.28193420, -0.34781690
0.14528140, 0.27111780
0.37517700, 0.16253300, -1.05349800
0.69697290, 0.30078540, -0.65096620
0.13472270, 0.27123810
0.32957800, 0.39896500, -0.94471200
0.74502810, 0.64031510, -0.18689500
0.16275870, 0.20515200
-0.02510000, 0.01365000, 1.12214600
-0.01737885, 0.69366230, 0.72009070
0.71191040, 0.49781740
-0.02376200, -0.04195800, 1.15021600
-0.00725233, 0.27204200, 0.96225800
0.72265630, 0.49804690
0.37743100, -0.03085700, 1.10043800
0.49590660, 0.36055890, 0.78998350
0.72265630, 0.41796880
0.10601400, 0.13236900, 0.85679300
0.00023375, 0.99688910, 0.07881694
0.65585410, 0.46944930
0.38123700, 0.03751700, 1.03209700
0.48445230, 0.71858130, 0.49894580
0.69804560, 0.41518630
0.32987900, 0.12875700, 0.83751500
0.07078302, 0.98240000, 0.17285820
0.65479590, 0.42423550
-0.02617300, 0.05999700, 1.03348100
-0.02892431, 0.90456600, 0.42535120
0.69253780, 0.49767980
0.41146400, 0.11991000, 0.81595900
0.72582990, 0.56074140, 0.39842190
0.65238080, 0.40698810
0.41146400, 0.11991000, 0.81595900
0.72582990, 0.56074140, 0.39842190
0.64084270, 0.26968030
0.41534800, -0.02809400, 1.03037100
0.92721400, 0.22381920, 0.30029830
0.69990960, 0.30870270
0.43237700, 0.02536500, 0.81309500
0.99494430, 0.09683099, -0.02663956
0.64074100, 0.29573880
0.38123700, 0.03751700, 1.03209700
0.48445230, 0.71858130, 0.49894580
0.69990960, 0.29048960
0.37743100, -0.03085700, 1.10043800
0.49590660, 0.36055890, 0.78998350
0.71754900, 0.30752170
0.40356700, -0.29941500, 1.08361000
0.02418009, -0.99925910, 0.02994205
0.97797190, 0.51296420
0.38914900, -0.29852200, 1.12506600
0.02506219, -0.99933460, 0.02649951
0.97506260, 0.52193200
0.22435500, -0.30377100, 1.08295500
0.02657161, -0.99041910, 0.13551330
0.94058760, 0.51284840
-0.01724700, -0.30974900, 1.17484100
0.02437883, -0.99970220, 0.00108552
0.89020030, 0.53257090
0.38914900, -0.29852200, 1.12506600
0.58830640, 0.04801983, 0.80721100
0.78125000, 0.41796880
-0.01724700, -0.30974900, 1.17484100
-0.00287101, 0.09149899, 0.99580100
0.78125000, 0.49804690
0.42852300, -0.13677700, 0.90146200
0.99883300, 0.02742441, 0.03975616
0.66580470, 0.33949120
0.42270300, -0.19642500, 1.05284800
0.90893170, 0.06817470, 0.41133360
0.70718970, 0.35470020
0.42882400, -0.15125800, 0.98304000
0.99416480, 0.08171547, 0.07041964
0.68798010, 0.34287200
0.22611700, -0.34333700, 0.70598000
0.99971290, 0.02389791, 0.00174500
0.94070330, 0.43229560
0.22276800, -0.19366200, 0.78175900
0.99977410, 0.02111213, 0.00244585
0.94077620, 0.44768920
0.22450000, -0.29072000, 0.91156900
0.99969390, 0.02467551, 0.00179738
0.94066120, 0.47605140
0.22138100, -0.14174900, 0.90167500
0.99977830, 0.02101681, 0.00124844
0.94076690, 0.47309140
0.22215300, -0.17881000, 1.01779800
0.99980290, 0.01981709, 0.00121011
0.94075510, 0.49818250
0.22435500, -0.30377100, 1.08295500
0.99974890, 0.02226122, 0.00253897
0.94058760, 0.51284840
0.40356700, -0.29941500, 1.08361000
0.09190835, -0.36689320, -0.92571180
0.97797190, 0.51296420
0.22215300, -0.17881000, 1.01779800
0.05094822, -0.76646490, -0.64026220
0.94075510, 0.49818250
0.42270300, -0.19642500, 1.05284800
0.08581080, -0.60224490, -0.79368600
0.98248090, 0.50579200
0.22435500, -0.30377100, 1.08295500
0.01447529, -0.46208830, -0.88671580
0.94058760, 0.51284840
0.42882400, -0.15125800, 0.98304000
0.06860136, -0.93916930, -0.33653360
0.98397720, 0.49057920
0.42852300, -0.13677700, 0.90146200
0.05050898, -0.99871980, 0.00275279
0.98397720, 0.47301770
0.22138100, -0.14174900, 0.90167500
0.05428092, -0.99818250, 0.02617916
0.94076690, 0.47309140
0.22276800, -0.19366200, 0.78175900
0.08744902, -0.72464850, 0.68354760
0.94077620, 0.44768920
0.43067600, -0.22098700, 0.74714700
0.03263168, -0.54522760, 0.83765260
0.98397720, 0.44042670
0.42905200, -0.15623100, 0.81666700
0.03647281, -0.88302460, 0.46790730
0.98397720, 0.45495780
0.22611700, -0.34333700, 0.70598000
0.06191250, -0.40973340, 0.91010180
0.94070330, 0.43229560
0.43356300, -0.33826800, 0.70572100
0.00931273, -0.33283920, 0.94293760
0.98397720, 0.43221150
0.34552100, 0.34971200, 0.61000800
0.97562190, 0.14519750, 0.16455850
0.58068550, 0.21185980
0.32961700, 0.36584700, 0.62942100
0.56731740, 0.80036190, 0.19383430
0.58703110, 0.20583300
0.41178900, 0.12070600, 0.77304600
0.92234030, 0.38544580, -0.02682991
0.62922600, 0.26977370
0.34552100, 0.33546900, 0.34411500
0.97533360, 0.17143090, -0.13905320
0.51159640, 0.21185980
0.32961700, 0.35794700, 0.31124800
0.72531440, 0.68803660, -0.02290492
0.50245810, 0.20609240
0.41196800, 0.12489400, 0.33570200
0.97204410, 0.23447980, -0.01222454
0.51086490, 0.27178010
0.41164300, 0.12606000, 0.30406200
0.97141390, 0.23736100, 0.00384740
0.50207160, 0.27178630
0.42491300, 0.03037400, 0.33299500
0.99663580, 0.08162598, 0.00737216
0.51080520, 0.29777800
0.42513600, 0.03139500, 0.29888600
0.99659020, 0.08232280, 0.00556488
0.50166560, 0.29762770
0.43247500, -0.28814000, 0.32461500
0.99965130, 0.02613512, 0.00377808
0.51080570, 0.38513820
0.43362700, -0.32769200, 0.28943800
0.99968870, 0.02487428, 0.00195759
0.50156960, 0.39623110
0.42473400, 0.02621000, 0.76940400
0.98774240, 0.06060051, -0.14384930
0.62891340, 0.29577150
0.43356300, -0.33826800, 0.70572100
0.99937270, 0.03486488, -0.00621922
0.61427780, 0.39612950
0.43191200, -0.29735900, 0.67441900
0.99936520, 0.03530378, -0.00479216
0.60501900, 0.38513810
0.34552100, 0.34971200, 0.61000800
0.97562190, 0.14519750, 0.16455850
0.15008140, 0.68934020
0.29768700, 0.35494900, 0.34462700
-0.36062270, -0.93154610, 0.04661715
0.14246410, 0.60375120
0.34552100, 0.33546900, 0.34411500
0.97533360, 0.17143090, -0.13905320
0.15008140, 0.60375120
0.29746800, 0.36234700, 0.64585500
-0.04739281, -0.73634390, 0.67494560
0.14246410, 0.70470910
0.34552100, 0.33546900, 0.34411500
-0.00595229, -0.04134181, 0.99912730
0.17028180, 0.82696370
0.39011600, 0.12722500, 0.33576400
-0.00084064, -0.03659827, 0.99932970
0.17827280, 0.87582000
0.41196800, 0.12489400, 0.33570200
-0.00073721, -0.03323566, 0.99944730
0.18269790, 0.87646840
0.29768700, 0.35494900, 0.34462700
-0.00183015, -0.03912308, 0.99923270
0.16066610, 0.82228770
0.40209900, 0.03268100, 0.33305600
-0.00012379, -0.02760430, 0.99961890
0.18023720, 0.89729870
0.42491300, 0.03037400, 0.33299500
-0.00009578, -0.02734092, 0.99962620
0.18485790, 0.89794730
0.40552500, -0.28593400, 0.32467300
0.02604517, 0.86968920, 0.49291210
0.17935410, 0.96947370
0.43247500, -0.28814000, 0.32461500
0.05843815, 0.70939470, 0.70238460
0.18481510, 0.97012220
0.43247500, -0.28814000, 0.32461500
0.05843815, 0.70939470, 0.70238460
0.31970670, 0.98867100
0.39632700, -0.29587100, 0.69375600
0.00698275, 0.99962650, 0.02642089
0.32712960, 0.91467640
0.43191200, -0.29735900, 0.67441900
0.05607718, 0.99807750, 0.02639422
0.31963570, 0.91747910
0.40552500, -0.28593400, 0.32467300
0.02604517, 0.86968920, 0.49291210
0.32518490, 0.98922290
0.43191200, -0.29735900, 0.67441900
-0.45541690, 0.24212000, -0.85672240
0.31963570, 0.91747910
0.39632700, -0.29587100, 0.69375600
-0.31341330, 0.29132840, -0.90382520
0.32712960, 0.91467640
0.42846000, -0.12950700, 0.72369100
-0.46311890, 0.24197070, -0.85262600
0.31760520, 0.88074680
0.42473400, 0.02621000, 0.76940400
-0.40160000, 0.03838181, -0.91501050
0.31865100, 0.84614310
0.33067700, 0.12143000, 0.77918600
-0.19603860, -0.31550510, -0.92845320
0.33721040, 0.82564620
0.41178900, 0.12070600, 0.77304600
-0.07520037, 0.02811553, -0.99677200
0.32088580, 0.82748080
0.31454500, 0.02480500, 0.82948000
-0.23796400, -0.04676108, -0.97014770
0.34295950, 0.84466050
0.41178900, 0.12070600, 0.77304600
0.92234030, 0.38544580, -0.02682991
0.32088580, 0.82748080
0.33067700, 0.12143000, 0.77918600
-0.00213279, 0.99058380, -0.13689130
0.33721040, 0.82564620
0.32987900, 0.12875700, 0.83751500
0.07078302, 0.98240000, 0.17285820
0.33754660, 0.81411730
0.29746800, 0.36234700, 0.64585500
-0.04080976, -0.99874680, 0.02897342
0.14246410, 0.70470910
-0.03322100, 0.36712500, 0.34478100
0.05026672, -0.99857170, -0.01810611
0.08929554, 0.60375020
0.29768700, 0.35494900, 0.34462700
-0.03674880, -0.99902400, 0.02450861
0.14246410, 0.60375120
0.11385300, 0.37127600, 0.66661400
-0.00264174, -0.99989710, 0.01410369
0.11296780, 0.71158850
-0.02711500, 0.11699300, 0.33549400
0.00005434, -0.03755132, 0.99929470
0.09350803, 0.87583270
-0.03322100, 0.36712500, 0.34478100
-0.00008725, -0.03710477, 0.99931140
0.09320335, 0.81969260
0.36754700, 0.10912800, 0.36973500
0.35099400, 0.43020860, 0.83169930
0.45056980, 0.70052790
-0.42300000, -0.11732300, 0.36355600
-0.63524430, 0.31220550, 0.70639400
0.33108580, 0.67276530
0.37968500, -0.09774700, 0.36407100
0.61836310, 0.34277750, 0.70719920
0.44731410, 0.67205880
-0.42096800, 0.08989900, 0.36922800
-0.37261420, 0.41256200, 0.83123480
0.32760520, 0.70052790
0.38007800, -0.12030700, 0.60916300
0.52600030, 0.58479520, 0.61752590
0.44401360, 0.63791840
-0.43958600, -0.31391600, 0.60407000
-0.73013080, 0.05013250, 0.68146590
0.32020470, 0.61435700
0.40552500, -0.29330600, 0.60461300
0.72594370, 0.08564171, 0.68240110
0.45760420, 0.62049330
-0.42260700, -0.13988300, 0.60864800
-0.55467300, 0.55844090, 0.61683200
0.33416130, 0.63791840
-0.01702900, -0.29634400, 0.32624100
-0.02438830, 0.99935660, 0.02629709
0.41023110, 0.98938700
-0.01702900, -0.30709800, 0.73492300
-0.02438851, 0.99935660, 0.02629855
0.41022560, 0.90859180
-0.02480200, 0.00872300, 0.84542700
0.00119857, 0.00299271, -0.99999480
0.41026770, 0.84425020
-0.01702900, -0.30709800, 0.73492300
-0.00530283, 0.33014200, -0.94391640
0.41022560, 0.90859180
-0.02729400, 0.11193100, 0.80605600
0.00920494, -0.37278200, -0.92787330
0.41027620, 0.82100100
0.10601400, 0.13236900, 0.85679300
0.00023375, 0.99688910, 0.07881694
0.38303020, 0.81005870
-0.02729400, 0.11193100, 0.80605600
-0.04671337, 0.95763980, -0.28415460
0.41027620, 0.82100100
-0.03352000, 0.36159500, 0.67149100
0.07546286, -0.99700700, -0.01680893
0.08926210, 0.71322760
-0.02779600, 0.13104000, 0.86167800
-0.05909890, 0.99751340, 0.03839770
0.41027560, 0.80909280
0.29767700, 0.37061600, 0.64950100
0.14704560, 0.79911620, 0.58291580
0.14253040, 0.70585830
0.11385300, 0.37127600, 0.66661400
0.07345337, -0.38735260, 0.91900090
0.11296780, 0.71158850
0.11071300, 0.37826100, 0.66980800
0.05596282, 0.55379200, 0.83077230
0.11249040, 0.71259760
-0.03370000, 0.36889700, 0.67451000
-0.04116708, 0.53319760, 0.84498850
0.08926210, 0.71417510
-0.03352000, 0.36159500, 0.67149100
0.02742516, -0.38130420, 0.92404270
0.08926210, 0.71322760
0.39011600, 0.12722500, 0.33576400
0.53068690, 0.52445900, 0.66581850
0.45654590, 0.70209090
0.40209900, 0.03268100, 0.33305600
0.68273840, 0.06221984, 0.72800890
0.45566140, 0.68840860
0.40552500, -0.28684500, 0.35909700
0.99620900, 0.07634342, 0.04170495
0.47678150, 0.65706680
0.40552500, -0.28593400, 0.32467300
0.99994220, 0.01074534, 0.00027994
0.47960070, 0.66018810
-0.02711500, 0.11699300, 0.33549400
-0.02197214, 0.88892450, 0.45752650
0.38908760, 0.70887820
0.22697300, -0.37353900, 0.91133500
0.99955330, 0.02984579, 0.00153183
0.94067290, 0.48170540
0.38914900, -0.29852200, 1.12506600
0.58830640, 0.04801983, 0.80721100
0.72745660, 0.38192220
0.40356700, -0.29941500, 1.08361000
0.94121810, -0.07661428, 0.32899660
0.71624640, 0.38256220
0.42905200, -0.15623100, 0.81666700
0.99996060, 0.00545412, -0.00700066
0.64300020, 0.34543510
0.42846000, -0.12950700, 0.72369100
0.99971740, 0.02376296, -0.00068908
0.61765360, 0.33878080
0.43067600, -0.22098700, 0.74714700
0.99970040, 0.02388508, -0.00535715
0.62465140, 0.36368530
-0.02779600, 0.13104000, 0.86167800
-0.05909890, 0.99751340, 0.03839770
0.65613990, 0.49781910
0.39636900, -0.25854100, -1.06629600
0.07005192, 0.79773080, -0.59893100
0.13425820, 0.38681520
0.43193700, -0.22023300, -1.03420900
0.93103490, -0.00721604, -0.36485870
0.14266720, 0.37632800
0.43273500, -0.25870100, -1.02648300
0.94778910, -0.04377393, -0.31587900
0.14503160, 0.38681520
0.43193700, -0.22023300, -1.03420900
0.66478600, 0.00844637, -0.74698610
0.13384120, 0.37634210
0.39636900, -0.25854100, -1.06629600
-0.08246144, 0.63836380, -0.76530500
0.13425820, 0.38681490
-0.25853300, -0.31554800, 1.08264500
0.02156355, -0.99058030, 0.13522470
0.84040240, 0.51310590
-0.25656400, -0.38533100, 0.91102400
0.02412841, -0.99254110, 0.11949860
0.83971240, 0.47941680
0.22697300, -0.37353900, 0.91133500
0.02412816, -0.99253300, 0.11956660
0.94067290, 0.48170540
-0.25816100, -0.35514800, 0.70566900
0.02436934, -0.99761290, -0.06461155
0.83963070, 0.43216670
-0.46556000, -0.35016700, 0.28884600
0.02476901, -0.99932920, -0.02697460
0.79822730, 0.34284910
0.25860800, -0.31547700, -0.27897700
0.02405427, -0.99852560, 0.04866331
0.94748680, 0.22108790
-0.29055000, -0.32886900, -0.27933000
0.02474210, -0.99853090, 0.04820542
0.83300750, 0.22113940
0.43354200, -0.31148200, -0.27888100
0.02283535, -0.99933270, -0.02850608
0.98397720, 0.22108610
-0.28919300, -0.37852700, -0.51865400
0.02427771, -0.99232270, -0.12126920
0.83285370, 0.16879640
0.25997800, -0.36513400, -0.51830200
0.02427774, -0.99232270, -0.12126940
0.94732200, 0.16939970
0.42874600, -0.09999300, -0.50161700
0.99972060, 0.02362745, 0.00065064
0.28591360, 0.33953060
0.42509700, 0.06798200, -1.02919100
0.92085540, 0.10717270, -0.37488580
0.14197270, 0.29729650
0.29763800, 0.41451100, -0.95696300
0.25761390, 0.95246580, -0.16261630
0.15583270, 0.41204850
0.32957800, 0.39896500, -0.94471200
0.74502810, 0.64031510, -0.18689500
0.15925770, 0.40353970
-0.03373800, 0.42312100, -0.97557300
-0.02344533, 0.99371150, -0.10948860
0.15098280, 0.49933390
-0.29135400, -0.28444600, -0.71456700
0.02455999, -0.98598460, -0.16501870
0.83327730, 0.12738420
-0.01681100, -0.26769400, -1.10163000
0.02438828, -0.99936590, -0.02594124
0.89020170, 0.04439574
0.25780500, -0.27105400, -0.71421400
0.02374283, -0.98600470, -0.16501850
0.94748680, 0.12757770
0.39636900, -0.25854100, -1.06629600
0.02419083, -0.99936220, -0.02626682
0.97639120, 0.05206513
0.43273800, -0.26706000, -0.71411700
0.02296894, -0.99938370, -0.02654532
0.98397720, 0.12757590
0.43273500, -0.25870100, -1.02648300
0.02487258, -0.99933290, -0.02674068
0.98397720, 0.06059694
0.29788100, 0.40519400, -0.98216400
0.42941670, 0.78429320, -0.44775600
0.14896910, 0.41202860
-0.03344700, 0.41236400, -1.02050100
-0.02355962, 0.97220890, -0.23292650
0.13832140, 0.49912410
0.38724900, 0.06811300, -1.06914300
0.71870570, 0.11643910, -0.68549560
0.13116200, 0.29729550
0.43273800, -0.26706000, -0.71411700
0.99973490, 0.02300724, 0.00086268
0.22960740, 0.38685300
0.43098500, -0.19190500, -0.70118900
0.99973120, 0.02317738, 0.00058114
0.23257030, 0.36616130
0.42937800, -0.12279500, -0.62006300
0.99971980, 0.02366359, 0.00057280
0.25402830, 0.34663460
0.42937500, -0.13120300, -0.38459300
0.99973120, 0.02317563, 0.00068604
0.31779910, 0.34724060
0.43142700, -0.21925600, -0.31309300
0.99972280, 0.02353718, 0.00054641
0.33777150, 0.37085870
0.39528100, -0.22032000, -1.06683200
0.49325830, 0.00319107, -0.86987700
0.13384120, 0.37634210
0.25860800, -0.31547700, -0.27897700
0.05517739, -0.42023420, -0.90573650
0.94748680, 0.22108790
0.43142700, -0.21925600, -0.31309300
0.02928879, -0.49390730, -0.86902120
0.98400060, 0.21323530
0.43354200, -0.31148200, -0.27888100
0.00845566, -0.34761660, -0.93759860
0.98397720, 0.22108610
0.25533600, -0.17922700, -0.34894000
0.10069970, -0.69307330, -0.71379900
0.94748790, 0.20532860
0.42937500, -0.13120300, -0.38459300
0.05890550, -0.83952900, -0.54011220
0.98401080, 0.19741830
0.25360200, -0.10399300, -0.50171400
0.10186070, -0.99366580, -0.04746140
0.94748840, 0.17216890
0.42874600, -0.09999300, -0.50161700
0.02283561, -0.99912040, -0.03516975
0.98402270, 0.17216700
0.42937800, -0.12279500, -0.62006300
0.05091071, -0.90131050, 0.43017150
0.98402270, 0.14691570
0.25510000, -0.16134800, -0.66072300
0.11509030, -0.74115750, 0.66139230
0.94748800, 0.13842080
0.43098500, -0.19190500, -0.70118900
0.03800268, -0.49305760, 0.86916630
0.98399560, 0.12992230
0.25780500, -0.27105400, -0.71421400
0.09833088, -0.36735100, 0.92486990
0.94748680, 0.12757770
0.43273800, -0.26706000, -0.71411700
0.00332497, -0.16945840, 0.98553170
0.98397720, 0.12757590
0.25510000, -0.16134800, -0.66072300
0.99970380, 0.02432976, 0.00064339
0.94748800, 0.13842080
0.25764400, -0.26970300, -0.51576600
0.99970200, 0.02440282, 0.00064420
0.94748680, 0.17009230
0.25780500, -0.27105400, -0.71421400
0.99970300, 0.02435931, 0.00064236
0.94748680, 0.12757770
0.25764400, -0.26970300, -0.51576600
0.99970380, 0.02433154, 0.00064138
0.94748680, 0.17009230
0.25360200, -0.10399300, -0.50171400
0.99970380, 0.02433155, 0.00064127
0.94748840, 0.17216890
0.25533600, -0.17922700, -0.34894000
0.99970360, 0.02433641, 0.00063567
0.94748790, 0.20532860
0.25860800, -0.31547700, -0.27897700
0.99970290, 0.02436801, 0.00063970
0.94748680, 0.22108790
0.25997800, -0.36513400, -0.51830200
0.99970130, 0.02443400, 0.00064755
0.94732200, 0.16939970
-0.17794400, 0.35611400, 0.66962300
-0.11145770, 0.51796590, 0.84810880
0.60064940, 0.53713210
-0.36428600, 0.36339900, 0.30986600
-0.28411490, 0.95662190, 0.06444507
0.50232200, 0.58622760
-0.36428600, 0.31540300, 0.64907500
-0.33490620, 0.62448330, 0.70559080
0.59515430, 0.58626010
-0.46552800, -0.36019400, 0.70514300
0.02438398, -0.99941280, -0.02407349
0.79642360, 0.43221150
-0.39544500, 0.34659400, 0.31078200
-0.74950680, 0.66172830, 0.01884382
0.50270040, 0.59411910
-0.39544600, 0.29931300, 0.62282500
-0.66631310, 0.74557690, 0.01191996
0.58809580, 0.59456400
-0.36408200, 0.38905100, -0.98258900
-0.46656160, 0.76244240, -0.44833230
0.15229590, 0.00676525
-0.46579200, 0.14100100, -1.01512300
-0.90640090, 0.23802380, -0.34897290
0.14528120, 0.07414728
-0.39548500, 0.38128300, -0.94517800
-0.77565200, 0.60207850, -0.18938190
0.16277310, 0.00817013
-0.42936500, 0.14291200, -1.05401500
-0.70997070, 0.26647400, -0.65186910
0.13472270, 0.07426763
-0.42495500, -0.05042500, 1.09992200
-0.51390650, 0.33593260, 0.78933470
0.72265630, 0.58007810
-0.16150400, 0.11638000, 0.85662100
-0.04831801, 0.98705600, 0.15292400
0.65585520, 0.52618870
-0.43200200, 0.01768500, 1.03157500
-0.51284660, 0.69217110, 0.50782630
0.69809190, 0.58177100
-0.38490200, 0.11994500, 0.83705600
-0.07579511, 0.97768970, 0.19590260
0.65479870, 0.57271420
-0.46634800, 0.10712300, 0.81539500
-0.74370830, 0.50635500, 0.43646600
0.65238680, 0.59004510
-0.46634800, 0.10712300, 0.81539500
-0.74370830, 0.50635500, 0.43646600
0.64084270, 0.07270980
-0.46287100, -0.04951100, 1.02980600
-0.93729570, 0.17593050, 0.30087430
0.69990960, 0.11173210
-0.43200200, 0.01768500, 1.03157500
-0.51284660, 0.69217110, 0.50782630
0.69990960, 0.09351909
-0.48220700, 0.00306100, 0.81250800
-0.99871470, 0.04052879, -0.03043725
0.64074100, 0.09876829
-0.42495500, -0.05042500, 1.09992200
-0.51390650, 0.33593260, 0.78933470
0.71888710, 0.11173060
-0.43794800, -0.31993700, 1.08307000
0.02451915, -0.99925080, 0.02994219
0.80242880, 0.51296420
-0.42364400, -0.31834400, 1.12454400
0.02364725, -0.99936910, 0.02649847
0.80534100, 0.52193280
-0.42364400, -0.31834400, 1.12454400
-0.59098420, 0.01926026, 0.80645320
0.78125000, 0.58007810
-0.47056800, -0.15870300, 0.90088500
-0.99903270, -0.02129768, 0.03847294
0.66580470, 0.14252070
-0.47026700, -0.17318500, 0.98246200
-0.99705580, 0.03315491, 0.06914093
0.68798010, 0.14590140
-0.46204100, -0.21800200, 1.05228000
-0.91170210, 0.02377461, 0.41016340
0.70718970, 0.15772970
-0.25816100, -0.35514800, 0.70566900
-0.99953580, -0.03037336, 0.00237057
0.83963070, 0.43216670
-0.25927300, -0.30251800, 0.91125900
-0.99950690, -0.03135439, 0.00168998
0.83974430, 0.47605140
-0.26238800, -0.20549400, 0.78144800
-0.99956830, -0.02930812, 0.00207845
0.83957090, 0.44768920
-0.26275000, -0.19063500, 1.01748700
-0.99951120, -0.03126130, 0.00021488
0.83960270, 0.49818250
-0.26366400, -0.15357700, 0.90136400
-0.99956610, -0.02945228, 0.00027244
0.83958470, 0.47309140
-0.25853300, -0.31554800, 1.08264500
-0.99946170, -0.03275834, 0.00182452
0.84040240, 0.51310590
-0.43794800, -0.31993700, 1.08307000
-0.07276379, -0.37097340, -0.92578840
0.80242880, 0.51296420
-0.26275000, -0.19063500, 1.01748700
-0.01273888, -0.76776250, -0.64060790
0.83960270, 0.49818250
-0.25853300, -0.31554800, 1.08264500
0.00920838, -0.46222360, -0.88671560
0.84040240, 0.51310590
-0.46204100, -0.21800200, 1.05228000
-0.05541143, -0.60566420, -0.79378870
0.79791990, 0.50579200
-0.47026700, -0.17318500, 0.98246200
-0.02235729, -0.94139360, -0.33656850
0.79642360, 0.49057920
-0.47056800, -0.15870300, 0.90088500
-0.00178449, -0.99999480, 0.00270096
0.79642360, 0.47301770
-0.26366400, -0.15357700, 0.90136400
-0.00561357, -0.99964430, 0.02607343
0.83958470, 0.47309140
-0.26238800, -0.20549400, 0.78144800
-0.05296755, -0.72802200, 0.68350450
0.83957090, 0.44768920
-0.47003900, -0.17815800, 0.81608900
0.00597825, -0.88376900, 0.46788530
0.79642360, 0.45495780
-0.46841500, -0.24291400, 0.74656900
-0.00712155, -0.54619430, 0.83762820
0.79642360, 0.44042670
-0.25816100, -0.35514800, 0.70566900
-0.04306114, -0.41230330, 0.91002850
0.83963070, 0.43216670
-0.46552800, -0.36019400, 0.70514300
0.00571153, -0.33292710, 0.94293530
0.79642360, 0.43221150
-0.41027700, 0.27758200, 0.59880000
-0.99664700, 0.02124469, 0.07901525
0.58068550, 0.01488924
-0.46624000, 0.10791300, 0.77248200
-0.92685530, 0.37402620, -0.03230511
0.62922600, 0.07280320
-0.39544600, 0.29931300, 0.62282500
-0.66631310, 0.74557690, 0.01191996
0.58703110, 0.00886250
-0.41027700, 0.32336600, 0.34362900
-0.96704270, 0.19771850, -0.16042390
0.51159640, 0.01488924
-0.39544500, 0.34659400, 0.31078200
-0.74950680, 0.66172830, 0.01884382
0.50219350, 0.00880653
-0.46606100, 0.10348200, 0.33513800
-0.98307170, 0.18271220, -0.01364863
0.51086490, 0.07480961
-0.46575300, 0.10466300, 0.30349800
-0.98257170, 0.18587250, 0.00209058
0.50228290, 0.07482708
-0.47438000, 0.00844200, 0.33241700
-0.99943860, 0.03294738, 0.00608631
0.51080520, 0.10080740
-0.47460900, 0.00945300, 0.29830800
-0.99942460, 0.03364584, 0.00428100
0.50169310, 0.10066660
-0.46639600, -0.31006100, 0.32403700
-0.99974020, -0.02265292, 0.00250154
0.51080570, 0.18816760
-0.46556000, -0.35016700, 0.28884600
-0.99971440, -0.02389007, 0.00066187
0.50156860, 0.19941330
-0.47455800, 0.00427900, 0.76882600
-0.98935620, 0.00888761, -0.14524220
0.62891340, 0.09880096
-0.46552800, -0.36019400, 0.70514300
-0.99987210, -0.01416133, -0.00742555
0.61427800, 0.19916190
-0.46583300, -0.31920400, 0.67200200
-0.99989400, -0.01339739, -0.00570843
0.60501900, 0.18816760
-0.41027700, 0.27758200, 0.59880000
-0.99664700, 0.02124469, 0.07901525
0.02844279, 0.68934020
-0.36345000, 0.34515600, 0.34420300
0.44578090, -0.88211890, -0.15213660
0.03606005, 0.60375120
-0.36367000, 0.30715500, 0.64543000
0.29832090, -0.70982410, 0.63808640
0.03606005, 0.70470910
-0.41027700, 0.32336600, 0.34362900
-0.96704270, 0.19771850, -0.16042390
0.02844279, 0.60375120
-0.41027700, 0.32336600, 0.34362900
0.00609099, -0.03973506, 0.99919170
0.01673424, 0.82696370
-0.44434900, 0.10687500, 0.33522800
0.00122759, -0.03572546, 0.99936090
0.00874324, 0.87582000
-0.36345000, 0.34515600, 0.34420300
0.00212779, -0.03816979, 0.99926900
0.02634985, 0.82228770
-0.46606100, 0.10348200, 0.33513800
0.00100334, -0.03273788, 0.99946340
0.00431810, 0.87646840
-0.45170500, 0.01185900, 0.33250700
0.00018732, -0.02759659, 0.99961910
0.00677886, 0.89729870
-0.47438000, 0.00844200, 0.33241700
0.00014651, -0.02733492, 0.99962630
0.00215815, 0.89794730
-0.43958600, -0.30654400, 0.32413000
-0.06904390, 0.86736720, 0.49285600
0.00766187, 0.96947370
-0.46639600, -0.31006100, 0.32403700
-0.09384393, 0.70567540, 0.70229300
0.00220099, 0.97012220
-0.46639600, -0.31006100, 0.32403700
-0.09384393, 0.70567540, 0.70229300
0.50076090, 0.98860030
-0.43038800, -0.31598400, 0.69138400
-0.05568441, 0.99809980, 0.02638139
0.49333950, 0.91496050
-0.43958600, -0.30654400, 0.32413000
-0.06904390, 0.86736720, 0.49285600
0.49528010, 0.98917020
-0.46583300, -0.31920400, 0.67200200
-0.10469520, 0.99415680, 0.02629151
0.50083210, 0.91777640
-0.46583300, -0.31920400, 0.67200200
0.44236130, 0.27291630, -0.85430280
0.50083210, 0.91777640
-0.47063100, -0.15143300, 0.72311400
0.44490390, 0.27067250, -0.85369600
0.50281450, 0.88092720
-0.43038800, -0.31598400, 0.69138400
0.29862760, 0.31223420, -0.90184890
0.49333950, 0.91496050
-0.47455800, 0.00427900, 0.76882600
0.40465570, 0.06022123, -0.91248410
0.50186430, 0.84794210
-0.38526700, 0.11259100, 0.77872600
0.20214490, -0.27979680, -0.93853670
0.48333900, 0.82571600
-0.36450900, 0.00824500, 0.82904400
0.23924080, -0.02031288, -0.97074780
0.47756420, 0.84586350
-0.46624000, 0.10791300, 0.77248200
0.07518023, 0.02912373, -0.99674460
0.49966010, 0.82757830
-0.46624000, 0.10791300, 0.77248200
-0.92685530, 0.37402620, -0.03230511
0.49966010, 0.82757830
-0.38490200, 0.11994500, 0.83705600
-0.07579511, 0.97768970, 0.19590260
0.48300710, 0.81416960
-0.38526700, 0.11259100, 0.77872600
-0.01406784, 0.99262770, -0.12038410
0.48333900, 0.82571600
-0.36367000, 0.30715500, 0.64543000
0.14369350, -0.98884120, -0.03930956
0.03606005, 0.70470910
-0.18073600, 0.34898500, 0.66642400
0.16772190, -0.98560350, 0.02133338
0.06555635, 0.71158840
-0.36345000, 0.34515600, 0.34420300
0.06608097, -0.98997380, -0.12484090
0.03606005, 0.60375120
-0.16150400, 0.11638000, 0.85662100
-0.04831801, 0.98705600, 0.15292400
0.43752090, 0.81008020
-0.36428600, 0.31540300, 0.64907500
-0.33490620, 0.62448330, 0.70559080
0.03599367, 0.70585830
-0.18073600, 0.34898500, 0.66642400
-0.00620366, -0.40681890, 0.91348780
0.06555635, 0.71158840
-0.17794400, 0.35611400, 0.66962300
-0.11145770, 0.51796590, 0.84810880
0.06603368, 0.71259760
-0.44434900, 0.10687500, 0.33522800
-0.55647460, 0.49794640, 0.66512060
0.32162920, 0.70209090
-0.45170500, 0.01185900, 0.33250700
-0.68589380, 0.02884289, 0.72712990
0.32162150, 0.68751610
-0.43958600, -0.30745500, 0.35855400
-0.99879880, 0.02769080, 0.04042397
0.30139360, 0.65706720
-0.43958600, -0.30654400, 0.32413000
-0.99927690, -0.03800982, -0.00100261
0.29857440, 0.66018840
-0.25656400, -0.38533100, 0.91102400
-0.99946220, -0.03269932, 0.00245156
0.83971240, 0.47941680
-0.42364400, -0.31834400, 1.12454400
-0.59098420, 0.01926026, 0.80645320
0.72745660, 0.18495170
-0.43794800, -0.31993700, 1.08307000
-0.93678670, -0.12241350, 0.32778890
0.71624640, 0.18559160
-0.47003900, -0.17815800, 0.81608900
-0.99902800, -0.04329541, -0.00828479
0.64300020, 0.14846450
-0.47063100, -0.15143300, 0.72311400
-0.99968560, -0.02499451, -0.00196794
0.61765360, 0.14181030
-0.46841500, -0.24291400, 0.74656900
-0.99966990, -0.02485193, -0.00651528
0.62465140, 0.16671480
-0.46742400, -0.24216600, -1.03478600
-0.90835700, -0.04980228, -0.41521950
0.14266720, 0.17935750
-0.42999000, -0.27869300, -1.06682700
-0.14207590, 0.73180700, -0.66653810
0.13425820, 0.18984470
-0.46635600, -0.28062700, -1.02706000
-0.94412250, -0.08991342, -0.31709340
0.14503160, 0.18984470
-0.42999000, -0.27869300, -1.06682700
0.00087616, 0.59660300, -0.80253600
0.13425820, 0.18984470
-0.46554900, -0.33340900, -0.27945800
0.02594033, -0.99922910, -0.02946607
0.79642360, 0.22108610
-0.46788800, -0.24118700, -0.31367100
-0.99968160, -0.02522222, -0.00073816
0.33777150, 0.17388810
-0.46554900, -0.33340900, -0.27945800
-0.99967090, -0.02564105, -0.00077613
0.34768510, 0.19891900
-0.47464800, 0.04604000, -1.02976900
-0.92450260, 0.06217038, -0.37607160
0.14190020, 0.10024800
-0.47078200, -0.12193000, -0.50219500
-0.99968390, -0.02513252, -0.00063349
0.28591360, 0.14256010
-0.36432500, 0.39836800, -0.95738900
-0.30384820, 0.93829010, -0.16519050
0.15595790, 0.58655570
-0.39548500, 0.38128300, -0.94517800
-0.77565200, 0.60207850, -0.18938190
0.15938780, 0.59458050
-0.42999000, -0.27869300, -1.06682700
0.02458614, -0.99935260, -0.02626650
0.80400960, 0.05206513
-0.46635300, -0.28898600, -0.71469500
0.02580722, -0.99931450, -0.02654349
0.79642360, 0.12757590
-0.46635600, -0.28062700, -1.02706000
0.02390525, -0.99935650, -0.02674113
0.79642360, 0.06059694
-0.36408200, 0.38905100, -0.98258900
-0.46656160, 0.76244240, -0.44833230
0.14896910, 0.58626010
-0.43680000, 0.04801700, -1.06967300
-0.72264600, 0.08128910, -0.68642180
0.13116200, 0.10032500
-0.46635300, -0.28898600, -0.71469500
-0.99966820, -0.02575238, -0.00042127
0.22960740, 0.18988250
-0.46828200, -0.21383500, -0.70176600
-0.99967250, -0.02558227, -0.00070279
0.23257030, 0.16919080
-0.47015000, -0.14473100, -0.62064100
-0.99968480, -0.02509669, -0.00071139
0.25402830, 0.14966410
-0.47003900, -0.15313700, -0.38517000
-0.99967250, -0.02558420, -0.00059806
0.31779910, 0.15027010
-0.43076600, -0.24046500, -1.06736200
-0.49171030, -0.02082838, -0.87050970
0.13384120, 0.17937150
-0.46554900, -0.33340900, -0.27945800
-0.04544145, -0.39887250, -0.91587980
0.79642360, 0.22108610
-0.29383500, -0.19262000, -0.34929200
-0.05296670, -0.68621370, -0.72546900
0.83292880, 0.20532860
-0.29055000, -0.32886900, -0.27933000
0.01249294, -0.45651200, -0.88962950
0.83300750, 0.22113940
-0.46788800, -0.24118700, -0.31367100
-0.04987607, -0.46828350, -0.88216950
0.79640020, 0.21323530
-0.47003900, -0.15313700, -0.38517000
-0.01718874, -0.84138350, -0.54016520
0.79638990, 0.19741830
-0.29557600, -0.11738600, -0.50206700
-0.01880252, -0.99966810, -0.01761333
0.83292790, 0.17216890
-0.47078200, -0.12193000, -0.50219500
-0.01392196, -0.99989950, 0.00268275
0.79637800, 0.17216700
-0.29407200, -0.17474100, -0.66107600
-0.05868432, -0.76284280, 0.64391540
0.83292860, 0.13865400
-0.47015000, -0.14473100, -0.62064100
-0.06690527, -0.91830310, 0.39018340
0.79637800, 0.14691570
-0.46828200, -0.21383500, -0.70176600
-0.01501668, -0.49435210, 0.86913200
0.79640500, 0.12992230
-0.29135400, -0.28444600, -0.71456700
-0.08146670, -0.37176500, 0.92474540
0.83327730, 0.12738420
-0.46635300, -0.28898600, -0.71469500
0.00367354, -0.16945040, 0.98553190
0.79642360, 0.12757590
-0.29407200, -0.17474100, -0.66107600
-0.99970070, -0.02445606, -0.00064019
0.83292860, 0.13865400
-0.29135400, -0.28444600, -0.71456700
-0.99970180, -0.02441150, -0.00064192
0.83327730, 0.12738420
-0.29151400, -0.28309500, -0.51611800
-0.99970340, -0.02434559, -0.00063895
0.83293020, 0.17009230
-0.29151400, -0.28309500, -0.51611800
-0.99970080, -0.02445301, -0.00064323
0.83293020, 0.17009230
-0.29557600, -0.11738600, -0.50206700
-0.99970080, -0.02445299, -0.00064341
0.83292790, 0.17216890
-0.29383500, -0.19262000, -0.34929200
-0.99970100, -0.02444610, -0.00065186
0.83292880, 0.20532860
-0.29055000, -0.32886900, -0.27933000
-0.99970210, -0.02439844, -0.00064559
0.83300750, 0.22113940
-0.28919300, -0.37852700, -0.51865400
-0.99970450, -0.02429830, -0.00063385
0.83285370, 0.16879640
-0.01681100, -0.26769400, -1.10163000
0.00108567, -0.01818986, -0.99983390
0.01556275, 0.49590660
-0.43076600, -0.24046500, -1.06736200
-0.49171030, -0.02082838, -0.87050970
0.02439615, 0.58810630
-0.01774200, -0.22946500, -1.10233800
0.00109258, -0.01847234, -0.99982880
0.02441199, 0.49592460
-0.42999000, -0.27869300, -1.06682700
0.00087616, 0.59660300, -0.80253600
0.01552770, 0.58814080
-0.42999000, -0.27869300, -1.06682700
-0.14207590, 0.73180700, -0.66653810
0.01552770, 0.58814080
0.39636900, -0.25854100, -1.06629600
-0.08246144, 0.63836380, -0.76530500
0.01552770, 0.40370860
0.39636900, -0.25854100, -1.06629600
0.07005192, 0.79773080, -0.59893100
0.01552770, 0.40370860
0.39528100, -0.22032000, -1.06683200
0.49325830, 0.00319107, -0.86987700
0.02439615, 0.40374340
-0.03370000, 0.36889700, 0.67451000
-0.04116708, 0.53319760, 0.84498850
0.60193570, 0.49914430
0.43354200, -0.31148200, -0.27888100
0.99973260, 0.02311890, 0.00050921
0.34768510, 0.39588950
0.29469300, 0.33637200, 0.27400700
0.00089109, -0.10647010, -0.99431550
0.19798800, 0.71839210
-0.02646800, 0.09902400, 0.29913400
0.00165956, -0.04174849, -0.99912680
0.24635600, 0.74977070
-0.03272000, 0.34973800, 0.27321800
0.00314849, -0.10274210, -0.99470310
0.24549100, 0.71532420
0.36926900, 0.10597500, 0.29931700
0.00030711, -0.03116298, -0.99951430
0.19221170, 0.75041840
-0.01770000, -0.26788400, 0.29098600
-0.02438917, 0.99932460, 0.02748674
0.24637590, 0.80103890
0.38764100, -0.24329800, -0.25672200
-0.02463517, 0.99934180, 0.02662769
0.19079930, 0.87944840
0.24179800, -0.24714400, -0.25681400
-0.02523419, 0.99936350, 0.02521511
0.21075830, 0.87944090
0.38776900, -0.25887300, 0.28933700
-0.02209426, 0.99934940, 0.02850847
0.19145370, 0.80068130
0.38037200, 0.02046700, 0.29686700
-0.99625540, -0.08574566, 0.01108243
0.19109440, 0.76107490
0.38764100, -0.24329800, -0.25672200
-0.99969540, -0.02464103, -0.00138494
0.11456690, 0.79936590
0.38776900, -0.25887300, 0.28933700
-0.99964990, -0.02645543, -0.00051985
0.19145370, 0.80068130
0.38442600, -0.10234200, -0.37675900
-0.99967990, -0.02525914, -0.00141018
0.09733701, 0.78086690
0.34712800, 0.05147500, -1.05458500
-0.99470340, -0.09199918, 0.04584017
0.00256662, 0.76247450
0.38381700, -0.07183300, -0.50798000
-0.98246300, -0.18558810, 0.01798723
0.07895461, 0.77723480
0.33610800, 0.14230200, -1.03952900
-0.97987320, -0.19881510, 0.01791810
0.00427552, 0.75006570
0.36926900, 0.10597500, 0.29931700
-0.97651830, -0.21465060, 0.01836289
0.19221170, 0.75041840
0.29469300, 0.33637200, 0.27400700
-0.63322770, -0.77394300, -0.00591074
0.19798800, 0.71839210
0.26608000, 0.37579700, -0.97087200
-0.61877050, -0.78549950, -0.01065411
0.01251013, 0.71767690
0.29469300, 0.33637200, 0.27400700
-0.63322770, -0.77394300, -0.00591074
0.20012060, 0.71612320
-0.03255800, 0.38318300, -1.00775700
0.02438798, -0.99924350, -0.03029377
0.24618120, 0.60097420
0.26608000, 0.37579700, -0.97087200
-0.61877050, -0.78549950, -0.01065411
0.20429970, 0.60649070
-0.03272000, 0.34973800, 0.27321800
0.02442410, -0.99936120, -0.02608902
0.24549100, 0.71532420
0.24181400, -0.23494500, -0.74540600
-0.02381327, 0.99946430, 0.02245170
0.21071680, 0.94737780
0.35479300, -0.22594100, -1.05235500
-0.14638140, 0.97784540, -0.14963610
0.19530390, 0.99012050
-0.01745300, -0.23412600, -1.08651300
-0.02385316, 0.98676210, 0.16041080
0.24624610, 0.99489520
0.38767000, -0.23164900, -0.74532800
-0.02259674, 0.99952400, 0.02100292
0.19079930, 0.94741690
0.38442600, -0.09327200, -0.64057000
-0.98847600, -0.14398530, 0.04672651
0.06057177, 0.78058140
0.35479300, -0.22594100, -1.05235500
-0.99545060, -0.04243617, 0.08530734
0.00372294, 0.79973870
0.38767000, -0.23164900, -0.74532800
-0.98933180, -0.10196570, 0.10404620
0.04649280, 0.79952820
0.38764100, -0.24329800, -0.25672200
-0.01647630, 0.64717500, 0.76216340
0.19079930, 0.87944840
0.23843000, -0.10564100, -0.37683600
-0.65837530, 0.63862530, 0.39837120
0.21075760, 0.89665020
0.24179800, -0.24714400, -0.25681400
-0.48836820, 0.55767640, 0.67118810
0.21075830, 0.87944090
0.38442600, -0.10234200, -0.37675900
-0.01957158, 0.85384300, 0.52016260
0.19077900, 0.89665140
0.23777200, -0.07513300, -0.50805800
-0.68343360, 0.72958480, 0.02499090
0.21075760, 0.91500420
0.38381700, -0.07183300, -0.50798000
-0.02259726, 0.99916560, 0.03402093
0.19077230, 0.91500560
0.23838000, -0.09657200, -0.64064700
-0.64734770, 0.64883540, -0.39994210
0.21075760, 0.93335830
0.38442600, -0.09327200, -0.64057000
-0.01908395, 0.85659730, -0.51563250
0.19077230, 0.93335960
0.24181400, -0.23494500, -0.74540600
-0.52799360, 0.50424090, -0.68334750
0.21071680, 0.94737780
0.38767000, -0.23164900, -0.74532800
-0.01321126, 0.60334250, -0.79737280
0.19079930, 0.94741690
-0.35878400, 0.32043600, 0.27358700
0.00557799, -0.10635330, -0.99431280
0.29270480, 0.71972270
-0.42207300, 0.08667700, 0.29880900
0.00252541, -0.03267409, -0.99946280
0.30014630, 0.75015760
-0.27675200, -0.25979000, -0.25714700
-0.02355258, 0.99940500, 0.02519804
0.28172250, 0.87944700
-0.42268400, -0.26306000, -0.25724300
-0.02414170, 0.99935380, 0.02662834
0.30169220, 0.87944840
-0.42275400, -0.27863900, 0.28881700
-0.02668423, 0.99923740, 0.02850551
0.30125830, 0.80068130
-0.42268400, -0.26306000, -0.25724300
0.99988190, 0.01375701, -0.00684517
0.37865070, 0.79936590
-0.42249300, -0.00144800, 0.29629400
0.99986570, -0.01116102, 0.01200173
0.30114100, 0.76249920
-0.42275400, -0.27863900, 0.28881700
0.99999950, -0.00094131, 0.00010147
0.30125830, 0.80068130
-0.42618900, -0.12211100, -0.37727900
0.99996880, 0.00471643, -0.00633145
0.39588060, 0.78086690
0.24181600, -0.24093500, -0.51233300
-0.02439950, 0.99939010, 0.02498402
0.21072110, 0.91495520
-0.27674600, -0.25360200, -0.51266600
-0.02442828, 0.99938920, 0.02498781
0.28172330, 0.91499190
-0.42690000, -0.09160400, -0.50850100
0.98719810, -0.15886340, 0.01422182
0.41426310, 0.77723480
-0.39556300, 0.03336300, -1.05506200
0.99801680, -0.04464146, 0.04437966
0.49071500, 0.76229500
-0.38900300, 0.12461800, -1.03999400
0.98873230, -0.14877340, 0.01658248
0.48899010, 0.74976150
-0.42207300, 0.08667700, 0.29880900
0.99158110, -0.12779370, 0.02087143
0.30014630, 0.75015760
-0.35878400, 0.32043600, 0.27358700
0.67022680, -0.74213900, -0.00506563
0.29270480, 0.71972270
-0.33052800, 0.36124800, -0.97125500
0.65633750, -0.75440340, -0.00983510
0.48024810, 0.71768780
-0.33052800, 0.36124800, -0.97125500
0.65633750, -0.75440340, -0.00983510
0.28744550, 0.60616910
-0.27673600, -0.24759100, -0.74573900
-0.02497240, 0.99943550, 0.02247271
0.28172250, 0.94741560
-0.38969900, -0.24409700, -1.05283300
0.09729575, 0.98417450, -0.14810150
0.29718800, 0.99012050
-0.42265400, -0.25141100, -0.74584900
-0.02617824, 0.99943670, 0.02100076
0.30169220, 0.94741690
-0.38969900, -0.24409700, -1.05283300
0.99622550, 0.00613494, 0.08658641
0.48949470, 0.79973870
-0.42629300, -0.11304300, -0.64109000
0.99425890, -0.09563021, 0.04800052
0.43264550, 0.78058140
-0.42265400, -0.25141100, -0.74584900
0.99299160, -0.05362301, 0.10531940
0.44672440, 0.79952820
-0.42268400, -0.26306000, -0.25724300
-0.01606853, 0.64718510, 0.76216350
0.30169220, 0.87944840
-0.28013400, -0.11828800, -0.37716900
0.62594910, 0.66995040, 0.39919200
0.28172370, 0.89665020
-0.42618900, -0.12211100, -0.37727900
-0.02273942, 0.85376580, 0.52016030
0.30171200, 0.89665140
-0.27675200, -0.25979000, -0.25714700
0.45978030, 0.58079080, 0.67177690
0.28172250, 0.87944700
-0.28079700, -0.08778000, -0.50839100
0.64702150, 0.76203370, 0.02584276
0.28172420, 0.91500420
-0.42690000, -0.09160400, -0.50850100
-0.02617713, 0.99907830, 0.03401827
0.30171880, 0.91500560
-0.28018900, -0.10921900, -0.64098000
0.61545790, 0.67963860, -0.39912770
0.28172420, 0.93335830
-0.42629300, -0.11304300, -0.64109000
-0.02203155, 0.85652580, -0.51563380
0.30171960, 0.93335960
-0.27673600, -0.24759100, -0.74573900
0.50370320, 0.52939690, -0.68265810
0.28172250, 0.94741560
-0.42265400, -0.25141100, -0.74584900
-0.01519262, 0.60329440, -0.79737390
0.30169220, 0.94741690
0.29788100, 0.40519400, -0.98216300
-0.23615030, -0.11013270, -0.96545520
0.11582200, 0.43258730
0.33610800, 0.14230200, -1.03952900
-0.39107570, 0.12061290, -0.91242110
0.11932050, 0.48732800
0.26608000, 0.37579700, -0.97087200
-0.16068990, -0.19594850, -0.96735880
0.11224290, 0.43843060
0.37517700, 0.16253300, -1.05349800
-0.39003970, 0.12483990, -0.91229610
0.12367510, 0.48342670
0.34712800, 0.05147500, -1.05458500
-0.35390800, 0.03383731, -0.93466790
0.12028880, 0.50620340
0.38724900, 0.06811400, -1.06914300
-0.36058180, 0.05484487, -0.93111380
0.12474940, 0.50305190
0.35479300, -0.22594100, -1.05235500
-0.14638140, 0.97784540, -0.14963610
0.12038810, 0.56346310
0.39528100, -0.22032000, -1.06683200
-0.35666860, 0.24434120, -0.90171220
0.12485940, 0.56258590
-0.01745300, -0.23412600, -1.08651300
-0.02385316, 0.98676210, 0.16041080
0.07934430, 0.56385870
-0.01774200, -0.22946500, -1.10233800
-0.02273900, 0.95903300, 0.28238020
0.07936054, 0.56164570
-0.38969900, -0.24409700, -1.05283300
0.09729575, 0.98417450, -0.14810150
0.03837766, 0.56346310
-0.43076600, -0.24046500, -1.06736200
0.34244790, 0.25986850, -0.90288310
0.03386516, 0.56258590
-0.39556300, 0.03336300, -1.05506200
0.34987860, 0.05205565, -0.93534760
0.03847679, 0.50620340
-0.43680000, 0.04801700, -1.06967300
0.35693910, 0.07338250, -0.93124080
0.03397541, 0.50305190
-0.38900300, 0.12461800, -1.03999400
0.38105250, 0.14253110, -0.91350090
0.03944509, 0.48732800
-0.42936500, 0.14291200, -1.05401500
0.38536080, 0.14599950, -0.91114280
0.03504973, 0.48342670
-0.33052800, 0.36124800, -0.97125500
0.16290150, -0.19461330, -0.96725840
0.04652276, 0.43843060
-0.36408200, 0.38905100, -0.98258900
0.24025230, -0.10048050, -0.96549600
0.04290276, 0.43258730
-0.03255800, 0.38318300, -1.00775700
0.01366713, -0.40142040, -0.91579200
0.07943013, 0.43565870
-0.03344700, 0.41236400, -1.02050100
0.01263053, -0.40161630, -0.91572090
0.07943013, 0.43183730
0.24181600, -0.24093500, -0.51233300
-0.99970320, -0.02435541, -0.00064439
0.21072110, 0.91495520
-0.27674600, -0.25360200, -0.51266600
0.99970170, 0.02441622, 0.00063829
0.28172330, 0.91499190
-0.01770000, -0.26788400, 0.29098600
0.00007316, 0.02401234, -0.99971160
0.24637590, 0.80103890
0.38037200, 0.02046700, 0.29686700
-0.00244794, 0.02668886, -0.99964080
0.19109440, 0.76107490
0.38776900, -0.25887300, 0.28933700
-0.00466175, 0.02682325, -0.99962930
0.19145370, 0.80068130
-0.02432800, 0.00948500, 0.29714600
0.00009909, 0.02263464, -0.99974380
0.24636230, 0.76216350
-0.42249300, -0.00144800, 0.29629400
0.00242337, 0.02680413, -0.99963780
0.30114100, 0.76249920
-0.42275400, -0.27863900, 0.28881700
0.00463851, 0.02696182, -0.99962570
0.30125830, 0.80068130
-0.39544600, 0.29931300, 0.62282500
-0.66631310, 0.74557690, 0.01191996
0.50418500, 0.62790070
-0.36428600, 0.31540300, 0.64907600
-0.37661910, 0.72012070, 0.58273850
0.51636660, 0.62601380
-0.39544500, 0.29931300, 0.62282500
0.65768750, -0.04706580, -0.75181910
0.50531020, 0.62332180
-0.38104200, 0.29320100, 0.66594900
-0.60819250, 0.67179320, 0.42284260
0.51247620, 0.63227860
-0.17657500, 0.33568200, 0.68519400
-0.14891120, 0.59771090, 0.78776080
0.55278280, 0.63604850
-0.17794400, 0.35611400, 0.66962300
-0.14627140, 0.59339590, 0.79150860
0.55272480, 0.63026760
-0.03329900, 0.35211600, 0.68722300
-0.04786578, 0.60246260, 0.79671050
0.58076570, 0.63545640
-0.03370000, 0.36889700, 0.67451000
-0.04601556, 0.60263570, 0.79668860
0.58076180, 0.63070020
0.30738600, 0.35101700, 0.66487500
0.40478090, 0.65108820, 0.64205650
0.58068550, 0.21185980
0.36461200, 0.15344900, 0.82581300
0.39525150, 0.38807970, 0.83256850
0.62922600, 0.26977370
0.11034000, 0.35872100, 0.68466700
0.04296991, 0.60413840, 0.79572000
0.60848440, 0.63620960
0.11071300, 0.37826100, 0.66980800
0.04771545, 0.60596080, 0.79406220
0.60847940, 0.63069690
0.30738600, 0.35101700, 0.66487500
0.40478090, 0.65108820, 0.64205650
0.64640190, 0.63179700
0.29767700, 0.37061600, 0.64950100
0.26780380, 0.67329170, 0.68917300
0.64402570, 0.62612610
0.32961700, 0.36584700, 0.62942100
0.56731740, 0.80036190, 0.19383430
0.65551420, 0.62729240
0.32961700, 0.36584700, 0.62942100
-0.34874490, -0.87018480, -0.34807390
0.65427460, 0.62317430
0.30738600, 0.35101700, 0.66487500
-0.77098300, -0.52131020, -0.36581540
0.64640190, 0.63179700
0.41178900, 0.12070600, 0.77304600
-0.77098300, -0.52131020, -0.36581540
0.64640190, 0.63179700
0.36461200, 0.15344900, 0.82581300
-0.77098300, -0.52131020, -0.36581540
0.66309860, 0.69023060
0.41178900, 0.12070600, 0.77304600
-0.69799030, -0.53824940, -0.47233150
0.64640190, 0.63179700
0.30738600, 0.35101700, 0.66487500
-0.69799030, -0.53824940, -0.47233150
0.64640190, 0.63179700
0.34552100, 0.34971200, 0.61000800
-0.69799030, -0.53824940, -0.47233150
0.65551420, 0.62729240
0.36461200, 0.15344900, 0.82581300
-0.53906570, 0.40945780, -0.73603840
0.66309860, 0.69023060
0.41178900, 0.12070600, 0.77304600
-0.53906570, 0.40945780, -0.73603840
0.64640190, 0.63179700
0.32987900, 0.12875700, 0.83751500
-0.53906570, 0.40945780, -0.73603840
0.65427460, 0.62317430
-0.42507300, 0.14096200, 0.81998800
0.52962740, 0.40869920, -0.74327640
0.48992630, 0.82075460
-0.38490200, 0.11994500, 0.83705600
0.52962740, 0.40869920, -0.74327640
0.48300710, 0.81416960
-0.46624000, 0.10791300, 0.77248200
0.52962740, 0.40869920, -0.74327640
0.49966010, 0.82757830
-0.46624000, 0.10791300, 0.77248200
0.78548310, -0.53752820, -0.30672420
0.62922600, 0.07280320
-0.38104200, 0.29320100, 0.66594900
0.78548310, -0.53752820, -0.30672420
0.58703110, 0.00886250
-0.42507300, 0.14096200, 0.81998800
0.78548310, -0.53752820, -0.30672420
0.64084270, 0.07270980
-0.38104200, 0.29320100, 0.66594900
0.82303890, -0.51552320, -0.23841710
0.58703110, 0.00886250
-0.46624000, 0.10791300, 0.77248200
0.82303890, -0.51552320, -0.23841710
0.62922600, 0.07280320
-0.41027700, 0.27758200, 0.59880000
0.82303890, -0.51552320, -0.23841710
0.58068550, 0.01488924
-0.03907100, 0.40445400, -1.14896500
0.43620440, -0.27697290, 0.85616110
0.00936445, 0.00465655
-0.40053800, 0.13873400, -1.05076300
0.43491700, -0.21509680, 0.87440290
0.12145130, 0.07550192
-0.05506500, 0.15413400, -1.21666600
0.43128950, -0.20162350, 0.87939600
0.00936144, 0.07552618
-0.32072400, 0.37993000, -1.00639700
0.45121230, -0.30367140, 0.83916100
0.10265850, 0.00680190
-0.06241500, 0.05902800, -1.22799200
0.43181410, -0.05767573, 0.90011670
0.01006618, 0.10102670
-0.41145300, 0.04597000, -1.06242500
0.42793470, -0.06622478, 0.90138010
0.12459100, 0.10105350
-0.04585900, -0.22232100, -1.22652100
0.42540590, 0.02639555, 0.90461770
0.00975082, 0.17885020
-0.40211100, -0.23539200, -1.06019600
0.42230660, 0.02120119, 0.90620510
0.12457000, 0.17941850
-0.04452100, 0.41584300, -1.16296400
0.21532060, 0.79799020, 0.56289320
0.01018222, 0.00426275
-0.32072400, 0.37993000, -1.00639700
0.19725190, 0.82070190, 0.53622760
0.10265850, 0.00680190
-0.03907100, 0.40445400, -1.14896500
0.21617450, 0.79687530, 0.56414390
0.00936445, 0.00465655
-0.34224400, 0.39042600, -1.01459100
0.19672650, 0.82133760, 0.53544660
0.10172560, 0.00667620
-0.34224400, 0.39042600, -1.01459100
-0.36929690, -0.04784960, 0.92807880
0.10172560, 0.00667620
-0.40053800, 0.13873400, -1.05076300
-0.28934660, -0.07753288, 0.95407930
0.12145130, 0.07550192
-0.32072400, 0.37993000, -1.00639700
-0.37506190, -0.04619379, 0.92584810
0.10265850, 0.00680190
-0.42537500, 0.14311100, -1.05786300
-0.28538560, -0.07884567, 0.95516410
0.12154240, 0.07418162
-0.41145300, 0.04597000, -1.06242500
-0.27093250, -0.04227235, 0.96166970
0.12459100, 0.10105350
-0.43670600, 0.04801300, -1.06941400
-0.26992910, -0.04328755, 0.96190670
0.12425350, 0.10037200
-0.40211100, -0.23539200, -1.06019600
-0.27313920, -0.00205361, 0.96197230
0.12457000, 0.17941850
-0.42724100, -0.24038000, -1.06735200
-0.27349340, -0.00210011, 0.96187160
0.12453120, 0.18067480
-0.42724100, -0.24038000, -1.06735200
0.13352590, -0.96852920, 0.21005270
0.12453120, 0.18067480
-0.04585900, -0.22232100, -1.22652100
0.14390600, -0.96109560, 0.23576770
0.00975082, 0.17885020
-0.40211100, -0.23539200, -1.06019600
0.13292490, -0.96893280, 0.20856700
0.12457000, 0.17941850
-0.05092600, -0.22662800, -1.24093400
0.14419460, -0.96087620, 0.23648420
0.01199848, 0.18235310
-0.04452100, 0.41584300, -1.16296400
-0.43149940, 0.27097460, -0.86045400
0.01018222, 0.00426275
-0.42537500, 0.14311100, -1.05786300
-0.43039050, 0.21058400, -0.87773480
0.12154240, 0.07418162
-0.34224400, 0.39042600, -1.01459100
-0.44605920, 0.29762060, -0.84406940
0.10172560, 0.00667620
-0.06036100, 0.15923700, -1.23083100
-0.42690800, 0.19734520, -0.88249900
0.00916530, 0.07406074
-0.06765300, 0.06175100, -1.24221900
-0.42722370, 0.05665316, -0.90236930
0.00995257, 0.10028520
-0.43670600, 0.04801300, -1.06941400
-0.42349790, 0.06508721, -0.90355590
0.12425350, 0.10037200
-0.05092600, -0.22662800, -1.24093400
-0.42110930, -0.02529205, -0.90665720
0.01199848, 0.18235310
-0.42724100, -0.24038000, -1.06735200
-0.41815870, -0.02021560, -0.90814900
0.12453120, 0.18067480
-0.06036100, 0.15923700, -1.23083100
0.93719640, 0.00451816, -0.34877280
0.00916530, 0.07406074
-0.03907100, 0.40445400, -1.14896500
0.93991050, 0.03188294, -0.33992900
0.00936445, 0.00465655
-0.05506500, 0.15413400, -1.21666600
0.93680010, -0.00035416, -0.34986480
0.00936144, 0.07552618
-0.04452100, 0.41584300, -1.16296400
0.93991050, 0.03188295, -0.33992900
0.01018222, 0.00426275
-0.06765300, 0.06175100, -1.24221900
0.93866400, 0.00817603, -0.34473620
0.00995257, 0.10028520
-0.06241500, 0.05902800, -1.22799200
0.93922910, 0.01458955, -0.34298080
0.01006618, 0.10102670
-0.04585900, -0.22232100, -1.22652100
0.93714790, 0.05283729, -0.34490880
0.00975082, 0.17885020
-0.05092600, -0.22662800, -1.24093400
0.93705050, 0.05281500, -0.34517680
0.01199848, 0.18235310
-0.00267300, -0.35410500, -1.15555800
0.12677250, -0.84141900, -0.52530260
0.89136520, 0.03488940
-0.45576100, -0.30620200, -1.20241900
-0.46553810, 0.32855080, -0.82178380
0.80521490, 0.01510823
-0.00551600, -0.27494400, -1.18609100
0.07573934, 0.36991160, -0.92597460
0.89136520, 0.01510823
-0.45194000, -0.38635200, -1.17980100
-0.37357910, -0.73895390, -0.56070120
0.80521490, 0.03488940
-0.45444700, -0.29210500, -1.16906700
-0.08530386, 0.96257450, 0.25724210
0.80615790, 0.01249027
-0.00991900, -0.26172900, -1.15658800
-0.11591590, 0.91978200, 0.37491940
0.89136520, 0.01249027
-0.44925700, -0.38239700, -1.15138800
0.25907090, -0.68590550, 0.68001170
0.80615790, 0.03488940
-0.00609600, -0.35063600, -1.12783800
-0.05013135, -0.55476600, 0.83049480
0.89136520, 0.03488940
-0.49726800, -0.29451900, -1.10050600
-0.44394390, 0.34150580, 0.82842480
0.80033650, 0.01510823
-0.48856000, -0.38030600, -1.11698500
-0.57248520, -0.34169100, 0.74532410
0.80051590, 0.03488940
0.43474200, -0.23522400, -1.10133800
0.58753460, 0.41209690, -0.69640450
0.97751530, 0.01510823
0.43856300, -0.31537500, -1.07872100
0.61011610, -0.65747870, -0.44213130
0.97751530, 0.03488940
0.42384500, -0.22210100, -1.06937300
-0.11273380, 0.96246920, 0.24686890
0.97934100, 0.01313174
0.42903500, -0.31239300, -1.05169400
-0.30017690, -0.73861770, 0.60360400
0.97943790, 0.03248990
0.44717000, -0.21924300, -0.99330300
0.15979410, 0.40075190, 0.90214400
0.97973500, 0.01488978
0.45587800, -0.30503000, -1.00978300
0.40136020, -0.27552560, 0.87349620
0.97973500, 0.03248990
-0.47473100, 0.00409900, 0.77100300
-0.98419280, 0.03268067, 0.17405870
0.62891340, 0.09880096
-0.54413200, 0.07645600, 0.33747500
-0.98179200, 0.08276407, 0.17098140
0.51086490, 0.07480961
-0.55136500, -0.01860500, 0.34195500
-0.98432310, 0.02611719, 0.17443050
0.51080520, 0.10080740
-0.46733300, 0.09919400, 0.76744200
-0.98178980, 0.08278347, 0.17098430
0.62922600, 0.07280320
-0.54017500, -0.33698400, 0.35136900
-0.98362010, -0.03028413, 0.17769160
0.51080570, 0.18816760
-0.47655500, -0.15411300, 0.73471400
-0.98361000, -0.03037898, 0.17773120
0.61765360, 0.14181030
-0.47829100, -0.32468900, 0.69368800
-0.98330370, -0.03303609, 0.17894790
0.60501900, 0.18816760
-0.45822200, -0.00778600, 0.75051700
0.98405150, -0.03818408, -0.17373700
0.64297280, 0.88899170
-0.52069400, 0.05864900, 0.35448500
0.98101820, -0.09273031, -0.17030660
0.51679130, 0.86432030
-0.45056900, 0.07943900, 0.74709500
0.98101590, -0.09274942, -0.17030940
0.64330820, 0.86225690
-0.52819500, -0.02854600, 0.35875000
0.98423030, -0.03102854, -0.17414930
0.51672760, 0.89105510
-0.51791800, -0.32049100, 0.36738000
0.98360770, 0.03042893, -0.17773560
0.51672790, 0.98089200
-0.45988600, -0.15286200, 0.71723900
0.98359630, 0.03053570, -0.17778080
0.63088610, 0.93322040
-0.46112500, -0.30921600, 0.68127000
0.98326270, 0.03341216, -0.17910370
0.61785880, 0.98089200
-0.45056900, 0.07943900, 0.74709500
0.75656720, -0.03542924, 0.65295550
0.64330820, 0.86225690
-0.47473100, 0.00409900, 0.77100300
0.75047840, -0.08232567, 0.65574740
0.64856910, 0.88535400
-0.45822200, -0.00778600, 0.75051700
0.73811050, -0.11930390, 0.66404780
0.64297280, 0.88899170
-0.46733300, 0.09919400, 0.76744200
0.75479780, -0.03419208, 0.65506580
0.64893500, 0.85619870
-0.52069400, 0.05864900, 0.35448500
0.66739810, 0.72781280, -0.15769710
0.51679130, 0.86432030
-0.46733300, 0.09919400, 0.76744200
0.66689540, 0.72827760, -0.15767770
0.64893500, 0.85619870
-0.45056900, 0.07943900, 0.74709500
0.66685830, 0.72831190, -0.15767630
0.64330820, 0.86225690
-0.54413200, 0.07645600, 0.33747500
0.66741480, 0.72779730, -0.15769770
0.51038000, 0.85844890
-0.52819500, -0.02854600, 0.35875000
0.57510440, -0.03483269, -0.81733820
0.51672760, 0.89105510
-0.54413200, 0.07645600, 0.33747500
0.54617990, -0.08593940, -0.83324780
0.51038000, 0.85844890
-0.52069400, 0.05864900, 0.35448500
0.54075710, -0.08744594, -0.83662120
0.51679130, 0.86432030
-0.55136500, -0.01860500, 0.34195500
0.57164410, -0.05116135, -0.81890510
0.51031040, 0.88760410
-0.51791800, -0.32049100, 0.36738000
0.58561630, -0.00338304, -0.81058130
0.51672790, 0.98089200
-0.54017500, -0.33698400, 0.35136900
0.58559990, -0.00338586, -0.81059320
0.51031090, 0.98557470
-0.46112500, -0.30921600, 0.68127000
0.63179110, -0.77029110, -0.08655351
0.61785880, 0.98089200
-0.54017500, -0.33698400, 0.35136900
0.63259710, -0.76960100, -0.08680475
0.51031090, 0.98557470
-0.51791800, -0.32049100, 0.36738000
0.63267260, -0.76953640, -0.08682828
0.51672790, 0.98089200
-0.47829100, -0.32468900, 0.69368800
0.63175610, -0.77032110, -0.08654261
0.62059800, 0.98557470
-0.45988600, -0.15286200, 0.71723900
0.71757090, -0.16650580, 0.67628980
0.63088610, 0.93322040
-0.47829100, -0.32468900, 0.69368800
0.67982550, -0.17057700, 0.71326070
0.62059800, 0.98557470
-0.46112500, -0.30921600, 0.68127000
0.67389110, -0.17070600, 0.71883950
0.61785880, 0.98089200
-0.47655500, -0.15411300, 0.73471400
0.71946920, -0.16600640, 0.67439300
0.63538840, 0.93358700
-0.03317500, 0.40082500, -1.00559600
-0.10363580, -0.29263240, 0.95059240
0.12647580, 0.20250320
0.35450900, 0.15683700, -1.03844000
-0.09647410, -0.22795380, 0.96888070
0.01249272, 0.27314480
0.28104300, 0.39358500, -0.96726000
-0.12199340, -0.32029880, 0.93942870
0.03291915, 0.20764870
-0.02704100, 0.15114700, -1.07716800
-0.09594671, -0.20125130, 0.97482930
0.12759710, 0.27356840
-0.02471600, 0.05613400, -1.08905200
-0.09299382, -0.06434940, 0.99358510
0.12742370, 0.30052160
0.36602100, 0.06472200, -1.05402400
-0.08747265, -0.08291161, 0.99271050
0.00969821, 0.29972430
-0.01785400, -0.22530800, -1.08701900
-0.08978704, 0.00553524, 0.99594560
0.12452790, 0.37900820
0.37383000, -0.21668400, -1.05152700
-0.09038217, 0.00632960, 0.99588700
0.00941191, 0.37710080
0.37517700, 0.16253300, -1.05349800
0.60022420, -0.05396434, 0.79800920
0.01249272, 0.27314480
0.28104300, 0.39358500, -0.96726000
0.66174990, -0.01019609, 0.74965530
0.03291915, 0.20764870
0.35450900, 0.15683700, -1.03844000
0.59693460, -0.05604919, 0.80032970
0.01249272, 0.27314480
0.29788100, 0.40519400, -0.98216400
0.66560700, -0.00735975, 0.74626620
0.03291915, 0.20764870
0.29788100, 0.40519400, -0.98216400
-0.05171209, 0.81377000, 0.57888190
0.03291915, 0.20764870
-0.03317500, 0.40082500, -1.00559600
-0.05364623, 0.79010410, 0.61062070
0.12647580, 0.20250320
0.28104300, 0.39358500, -0.96726000
-0.05158188, 0.81528350, 0.57676010
0.03291915, 0.20764870
-0.03344700, 0.41236400, -1.02050100
-0.05372301, 0.78911660, 0.61188950
0.12647580, 0.20250320
-0.01774200, -0.22946500, -1.10233800
-0.00236269, -0.96532510, 0.26104000
0.12452790, 0.37900820
0.37383000, -0.21668400, -1.05152700
0.00142188, -0.97232340, 0.23363500
0.00941191, 0.37710080
-0.01785400, -0.22530800, -1.08701900
-0.00248119, -0.96509320, 0.26189490
0.12452790, 0.37900820
0.39528100, -0.22032000, -1.06683200
0.00148765, -0.97243800, 0.23315700
0.00941191, 0.37710080
0.39528100, -0.22032000, -1.06683200
0.58289430, 0.02334161, 0.81221270
0.00941191, 0.37710080
0.36602100, 0.06472200, -1.05402400
0.58228030, -0.01987395, 0.81274510
0.00969821, 0.29972430
0.37383000, -0.21668400, -1.05152700
0.58325900, 0.02339089, 0.81194940
0.00941191, 0.37710080
0.38724900, 0.06811300, -1.06914400
0.58334020, -0.02042156, 0.81197120
0.00969821, 0.29972430
-0.03344700, 0.41236400, -1.02050100
0.09809946, 0.28633590, -0.95309400
0.12647580, 0.20250320
0.37517700, 0.16253300, -1.05349800
0.09151319, 0.22329770, -0.97044500
0.01249272, 0.27314480
-0.02715900, 0.15640100, -1.09223900
0.09098289, 0.19724640, -0.97612290
0.12759710, 0.27356840
0.29788100, 0.40519400, -0.98216400
0.11583070, 0.31391900, -0.94235770
0.03291915, 0.20764870
-0.02477600, 0.05900700, -1.10418600
0.08823588, 0.06330375, -0.99408600
0.12753730, 0.29977860
0.38724900, 0.06811300, -1.06914400
0.08296305, 0.08141255, -0.99322160
0.00969821, 0.29972430
-0.01774200, -0.22946500, -1.10233800
0.08519930, -0.00481143, -0.99635230
0.12452790, 0.37900820
0.39528100, -0.22032000, -1.06683200
0.08577231, -0.00559723, -0.99629900
0.00941191, 0.37710080
-0.03317500, 0.40082500, -1.00559600
-0.99970260, -0.02437980, -0.00064215
0.12647580, 0.20250320
-0.02715900, 0.15640100, -1.09223900
-0.99970260, -0.02437984, -0.00064229
0.12759710, 0.27356840
-0.02704100, 0.15114700, -1.07716800
-0.99970260, -0.02437984, -0.00064232
0.12759710, 0.27356840
-0.03344700, 0.41236400, -1.02050100
-0.99970260, -0.02437980, -0.00064215
0.12647580, 0.20250320
-0.02477600, 0.05900700, -1.10418600
-0.99970260, -0.02437984, -0.00064283
0.12753730, 0.29977860
-0.02471600, 0.05613400, -1.08905200
-0.99970260, -0.02437984, -0.00064292
0.12742370, 0.30052160
-0.01785400, -0.22530800, -1.08701900
-0.99970260, -0.02437974, -0.00064010
0.12452790, 0.37900820
-0.01774200, -0.22946500, -1.10233800
-0.99970260, -0.02437973, -0.00064002
0.12452790, 0.37900820
-0.01599400, -0.36861100, 1.21368900
0.00653495, -0.61913810, 0.78525490
0.89338780, 0.57425280
-0.44196500, -0.23849400, 1.18954600
-0.54879210, 0.56975950, 0.61172000
0.81026900, 0.55133150
-0.44190900, -0.35276500, 1.19900600
-0.53525260, -0.48479210, 0.69172350
0.81026900, 0.57425280
-0.01583100, -0.25284700, 1.21212300
0.03660242, 0.61768310, 0.78557490
0.89338770, 0.55133150
-0.43678300, -0.23204000, 1.15313300
-0.13364340, 0.86000490, -0.49247440
0.81147340, 0.54870080
-0.01672400, -0.24578700, 1.17902600
0.00341662, 0.77531360, -0.63156720
0.89338770, 0.54870080
-0.43651400, -0.35800400, 1.17119300
0.28733720, -0.89852810, -0.33179000
0.81147340, 0.57425280
-0.01676000, -0.37383900, 1.18604500
-0.03730737, -0.80361830, -0.59397450
0.89338770, 0.57425280
-0.45937900, -0.25724600, 1.08477800
-0.20885480, 0.15830380, -0.96504900
0.80743350, 0.55111210
-0.45823800, -0.36512900, 1.13351600
-0.33097480, -0.61831840, -0.71283810
0.80743340, 0.57423850
0.40817400, -0.26007300, 1.16629700
0.59548850, 0.55647740, 0.57941900
0.97646070, 0.55133150
0.40822900, -0.37434400, 1.17575700
0.55982220, -0.49780740, 0.66241000
0.97646070, 0.57425280
0.40103300, -0.25359600, 1.13022100
0.12595700, 0.85060470, -0.51049630
0.97525620, 0.54870080
0.40130300, -0.37956100, 1.14828000
-0.32593840, -0.89564900, -0.30261700
0.97525620, 0.57425280
0.41976900, -0.27887600, 1.06073500
0.15635980, 0.15765990, -0.97503590
0.98269280, 0.55133150
0.42091000, -0.38675900, 1.10947400
0.28931120, -0.61942840, -0.72979960
0.98269270, 0.57425280
0.42483300, 0.02621400, 0.76935400
0.99470530, 0.08416038, 0.05897883
0.62891340, 0.29577150
0.43732300, 0.12551100, 0.33578400
0.98919880, 0.13409160, 0.05920461
0.51086490, 0.27178010
0.41183900, 0.12072400, 0.77237800
0.98919570, 0.13411230, 0.05920926
0.62922600, 0.26977370
0.45026300, 0.03097400, 0.33369200
0.99524040, 0.07760628, 0.05893933
0.51080520, 0.29777800
0.45782500, -0.28754000, 0.32530000
0.99804030, 0.02118114, 0.05888016
0.51080570, 0.38513820
0.43096700, -0.12944600, 0.72370600
0.99804030, 0.02107538, 0.05891835
0.61647840, 0.33915790
0.43701400, -0.29723600, 0.67447200
0.99802980, 0.01836716, 0.05999231
0.60551490, 0.38514720
0.40665100, 0.01443000, 0.75027300
-0.99422350, -0.08965423, -0.05900555
0.64432500, 0.74172800
0.41712500, 0.10541700, 0.35433200
-0.98780200, -0.14401360, -0.05922265
0.52093390, 0.71672480
0.42987200, 0.01874900, 0.35246600
-0.99484430, -0.08251079, -0.05896534
0.52087150, 0.74381920
0.39385400, 0.10107500, 0.75299500
-0.98779880, -0.14403370, -0.05922716
0.64465320, 0.71463370
0.43678900, -0.27332200, 0.34477000
-0.99804130, -0.02102838, -0.05891858
0.52087200, 0.83486430
0.41226700, -0.12830700, 0.70841500
-0.99804130, -0.02091910, -0.05895819
0.63250580, 0.78655150
0.41775700, -0.28216700, 0.66326500
-0.99802850, -0.01796108, -0.06013694
0.61976650, 0.83486410
0.39385400, 0.10107500, 0.75299500
-0.66913890, -0.11651500, 0.73394640
0.64465320, 0.71463370
0.42483300, 0.02621400, 0.76935400
-0.66018780, -0.16302850, 0.73319420
0.64979770, 0.73804130
0.41183900, 0.12072400, 0.77237800
-0.66719820, -0.11528390, 0.73590500
0.65015550, 0.70849400
0.40665100, 0.01443000, 0.75027300
-0.64489320, -0.19955920, 0.73775940
0.64432500, 0.74172800
0.41712500, 0.10541700, 0.35433200
-0.72057490, 0.69251980, -0.03446925
0.52093390, 0.71672480
0.41183900, 0.12072400, 0.77237800
-0.72010110, 0.69301180, -0.03448128
0.65015550, 0.70849400
0.43732300, 0.12551100, 0.33578400
-0.72059070, 0.69250350, -0.03446885
0.51466450, 0.71077440
0.39385400, 0.10107500, 0.75299500
-0.72006620, 0.69304810, -0.03448216
0.64465320, 0.71463370
0.42987200, 0.01874900, 0.35246600
-0.66674270, -0.02707041, -0.74479620
0.52087150, 0.74381920
0.43732300, 0.12551100, 0.33578400
-0.63718090, -0.07538197, -0.76701900
0.51466450, 0.71077440
0.45026300, 0.03097400, 0.33369200
-0.66260360, -0.04304874, -0.74773200
0.51459630, 0.74032190
0.41712500, 0.10541700, 0.35433200
-0.63213000, -0.07637055, -0.77108970
0.52093390, 0.71672480
0.43678900, -0.27332200, 0.34477000
-0.67807400, 0.00326907, -0.73498640
0.52087200, 0.83486430
0.45782500, -0.28754000, 0.32530000
-0.67805890, 0.00326789, -0.73500030
0.51459690, 0.83961000
0.41775700, -0.28216700, 0.66326500
-0.59421700, -0.80223270, -0.05769634
0.61976650, 0.83486410
0.45782500, -0.28754000, 0.32530000
-0.59513560, -0.80154280, -0.05781621
0.51459690, 0.83961000
0.43701400, -0.29723600, 0.67447200
-0.59417840, -0.80226160, -0.05769131
0.62286000, 0.83961430
0.43678900, -0.27332200, 0.34477000
-0.59522150, -0.80147830, -0.05782742
0.52087200, 0.83486430
0.41226700, -0.12830700, 0.70841500
-0.62301240, -0.24164020, 0.74395260
0.63250580, 0.78655150
0.43701400, -0.29723600, 0.67447200
-0.62217410, -0.24081850, 0.74492000
0.62286000, 0.83961430
0.43096700, -0.12944600, 0.72370600
-0.62305590, -0.24175970, 0.74387740
0.63690840, 0.78692310
0.41775700, -0.28216700, 0.66326500
-0.62203280, -0.24082130, 0.74503710
0.61976650, 0.83486410
0.28519200, -0.32091100, 0.98472300
0.00000002, -0.25881950, 0.96592570
0.69909990, 0.00920439
0.42684300, -0.27587800, 0.98472300
0.00000036, 0.25881700, 0.96592630
0.71140500, 0.04258263
0.28519200, -0.27587800, 0.98472300
-0.00000011, 0.25881860, 0.96592590
0.71140500, 0.00920439
0.42684300, -0.32091100, 0.98472300
0.00000008, -0.25882000, 0.96592560
0.69909990, 0.04258263
0.42684300, -0.23687700, 0.96220600
0.00000006, 0.70710580, 0.70710770
0.72371010, 0.04258263
0.28519200, -0.23687700, 0.96220600
-0.00000050, 0.70710710, 0.70710650
0.72371010, 0.00920439
0.42684300, -0.21436000, 0.92320600
-0.00000023, 0.96592610, 0.25881830
0.73601520, 0.04258263
0.28519200, -0.21436000, 0.92320600
-0.00000037, 0.96592610, 0.25881790
0.73601520, 0.00920439
0.42684400, -0.21436000, 0.87817200
0.00000010, 0.96592570, -0.25881960
0.74832030, 0.04258263
0.28519300, -0.21436000, 0.87817200
0.00000046, 0.96592600, -0.25881840
0.74832030, 0.00920439
0.42684300, -0.23687700, 0.83917200
0.00000066, 0.70710760, -0.70710590
0.76062540, 0.04258263
0.28519300, -0.23687700, 0.83917200
0.00000072, 0.70710760, -0.70710590
0.76062540, 0.00920439
0.42684300, -0.27587700, 0.81665500
0.00000066, 0.25881910, -0.96592580
0.77293050, 0.04258263
0.28519200, -0.27587700, 0.81665500
0.00000052, 0.25881850, -0.96592600
0.77293050, 0.00920439
0.42684300, -0.32091100, 0.81665500
0.00000010, -0.25881960, -0.96592570
0.78249010, 0.04258263
0.28519300, -0.32091100, 0.81665500
0.00000019, -0.25881890, -0.96592590
0.78249010, 0.00920439
0.28519300, -0.32091100, 0.81665500
0.00000019, -0.25881890, -0.96592590
0.64031980, 0.00920439
0.42684300, -0.35991100, 0.83917100
-0.00000028, -0.70710610, -0.70710750
0.64987950, 0.04258263
0.28519200, -0.35991100, 0.83917100
0.00000003, -0.70710560, -0.70710800
0.64987950, 0.00920439
0.42684300, -0.32091100, 0.81665500
0.00000010, -0.25881960, -0.96592570
0.64031980, 0.04258263
0.42684300, -0.38242800, 0.87817200
-0.00000021, -0.96592590, -0.25881890
0.66218450, 0.04258251
0.28519200, -0.38242800, 0.87817200
0.00000013, -0.96592550, -0.25882040
0.66218450, 0.00920439
0.42684300, -0.38242800, 0.92320600
-0.00000025, -0.96592600, 0.25881850
0.67448960, 0.04258263
0.28519200, -0.38242800, 0.92320500
-0.00000014, -0.96592610, 0.25881810
0.67448960, 0.00920439
0.42684300, -0.35991200, 0.96220600
-0.00000038, -0.70710740, 0.70710620
0.68679480, 0.04258263
0.28519200, -0.35991200, 0.96220600
-0.00000022, -0.70710770, 0.70710580
0.68679480, 0.00920439
0.28519200, -0.27587800, 0.98472300
-1.00000000, -0.00000020, -0.00000034
0.77623300, 0.22908620
0.28519200, -0.27587700, 0.81665500
-1.00000000, 0.00000047, -0.00000130
0.73833120, 0.23919010
0.28519200, -0.32091100, 0.98472300
-1.00000000, 0.00000024, -0.00000005
0.77894290, 0.23920210
0.28519200, -0.23687700, 0.96220600
-1.00000000, 0.00000050, -0.00000027
0.76878940, 0.22166780
0.28519200, -0.21436000, 0.92320600
-1.00000000, 0.00000025, -0.00000033
0.75861220, 0.21896430
0.28519300, -0.21436000, 0.87817200
-1.00000000, 0.00000208, -0.00000146
0.74846560, 0.22169790
0.28519300, -0.23687700, 0.83917200
-1.00000000, 0.00000378, -0.00000316
0.74106780, 0.22908660
0.28519200, -0.35991100, 0.83917100
-1.00000000, -0.00000059, -0.00000219
0.74847080, 0.25669930
0.28519300, -0.32091100, 0.81665500
-1.00000000, -0.00000169, -0.00000632
0.74102710, 0.24926720
0.28519200, -0.38242800, 0.87817200
-1.00000000, 0.00000092, 0.00000067
0.75863590, 0.25941860
0.28519200, -0.38242800, 0.92320500
-1.00000000, -0.00000049, -0.00000049
0.76879540, 0.25670060
0.28519200, -0.35991200, 0.96220600
-1.00000000, 0.00000030, -0.00000035
0.77621980, 0.24930020
0.42684300, -0.32091100, 0.98472300
1.00000000, -0.00000006, 0.00000021
0.77894290, 0.23917980
0.42684300, -0.27587700, 0.81665500
1.00000000, -0.00000045, 0.00000035
0.73833120, 0.23919180
0.42684300, -0.27587800, 0.98472300
1.00000000, 0.00000005, 0.00000023
0.77621970, 0.22908140
0.42684300, -0.23687700, 0.96220600
1.00000000, 0.00000018, 0.00000021
0.76879560, 0.22168150
0.42684300, -0.21436000, 0.92320600
1.00000000, -0.00000051, 0.00000065
0.75863610, 0.21896350
0.42684400, -0.21436000, 0.87817200
1.00000000, -0.00000347, 0.00000223
0.74847100, 0.22168260
0.42684300, -0.23687700, 0.83917200
1.00000000, -0.00000062, -0.00000062
0.74102740, 0.22911470
0.42684300, -0.32091100, 0.81665500
1.00000000, 0.00000000, 0.00000169
0.74106780, 0.24929490
0.42684300, -0.35991100, 0.83917100
1.00000000, -0.00000048, -0.00000011
0.74846540, 0.25668390
0.42684300, -0.38242800, 0.87817200
1.00000000, -0.00000118, -0.00000142
0.75861230, 0.25941780
0.42684300, -0.38242800, 0.92320600
1.00000000, 0.00000063, 0.00000027
0.76878940, 0.25671420
0.42684300, -0.35991200, 0.96220600
1.00000000, 0.00000052, 0.00000056
0.77623280, 0.24929560
-0.30967900, -0.32091100, 0.98472200
-0.00000024, -0.25881990, 0.96592560
0.69909990, 0.00920439
-0.45133000, -0.27587700, 0.98472200
-0.00000042, 0.25881970, 0.96592560
0.71140500, 0.04258263
-0.45133000, -0.32091100, 0.98472200
-0.00000004, -0.25881980, 0.96592560
0.69909990, 0.04258263
-0.30967900, -0.27587700, 0.98472200
-0.00000120, 0.25881700, 0.96592630
0.71140500, 0.00920439
-0.45133000, -0.23687700, 0.96220500
-0.00000081, 0.70710710, 0.70710650
0.72371010, 0.04258263
-0.30967900, -0.23687700, 0.96220600
-0.00000103, 0.70710650, 0.70710710
0.72371010, 0.00920439
-0.45133000, -0.21436000, 0.92320500
-0.00000039, 0.96592580, 0.25881910
0.73601520, 0.04258263
-0.30967900, -0.21436000, 0.92320500
-0.00000028, 0.96592590, 0.25881870
0.73601520, 0.00920439
-0.45133000, -0.21436000, 0.87817100
0.00000014, 0.96592650, -0.25881670
0.74832030, 0.04258263
-0.30967900, -0.21436000, 0.87817200
0.00000040, 0.96592620, -0.25881750
0.74832030, 0.00920439
-0.45133000, -0.23687700, 0.83917100
0.00000079, 0.70710680, -0.70710670
0.76062540, 0.04258263
-0.30967900, -0.23687700, 0.83917100
0.00000069, 0.70710720, -0.70710640
0.76062540, 0.00920439
-0.45133000, -0.27587700, 0.81665400
0.00000050, 0.25881810, -0.96592610
0.77293050, 0.04258263
-0.30967900, -0.27587700, 0.81665400
0.00000036, 0.25881830, -0.96592600
0.77293050, 0.00920439
-0.45133000, -0.32091100, 0.81665400
0.00000030, -0.25881830, -0.96592600
0.78249010, 0.04258263
-0.30967900, -0.32091100, 0.81665400
0.00000049, -0.25881880, -0.96592590
0.78249010, 0.00920439
-0.30967900, -0.32091100, 0.81665400
0.00000049, -0.25881880, -0.96592590
0.64031980, 0.00920439
-0.45133000, -0.35991100, 0.83917100
0.00000060, -0.70710640, -0.70710720
0.64987950, 0.04258263
-0.45133000, -0.32091100, 0.81665400
0.00000030, -0.25881830, -0.96592600
0.64031980, 0.04258263
-0.30967900, -0.35991100, 0.83917100
0.00000020, -0.70710520, -0.70710840
0.64987950, 0.00920439
-0.45133000, -0.38242800, 0.87817100
-0.00000001, -0.96592530, -0.25882080
0.66218450, 0.04258251
-0.30967900, -0.38242800, 0.87817100
-0.00000004, -0.96592530, -0.25882090
0.66218450, 0.00920439
-0.45133000, -0.38242800, 0.92320500
-0.00000022, -0.96592620, 0.25881740
0.67448960, 0.04258263
-0.30967900, -0.38242800, 0.92320500
0.00000022, -0.96592590, 0.25881870
0.67448960, 0.00920439
-0.45133000, -0.35991100, 0.96220500
-0.00000010, -0.70710820, 0.70710530
0.68679480, 0.04258263
-0.30967900, -0.35991100, 0.96220500
0.00000025, -0.70710720, 0.70710630
0.68679480, 0.00920439
-0.30967900, -0.27587700, 0.98472200
1.00000000, -0.00000015, 0.00000045
0.77623300, 0.22908620
-0.30967900, -0.32091100, 0.98472200
1.00000000, -0.00000078, 0.00000036
0.77894290, 0.23920210
-0.30967900, -0.27587700, 0.81665400
1.00000000, -0.00000006, 0.00000061
0.73833120, 0.23919010
-0.30967900, -0.23687700, 0.96220600
1.00000000, 0.00000037, 0.00000043
0.76878940, 0.22166780
-0.30967900, -0.21436000, 0.92320500
1.00000000, 0.00000001, 0.00000071
0.75861220, 0.21896430
-0.30967900, -0.21436000, 0.87817200
1.00000000, -0.00000191, 0.00000160
0.74846560, 0.22169790
-0.30967900, -0.23687700, 0.83917100
1.00000000, 0.00000274, -0.00000305
0.74106780, 0.22908660
-0.30967900, -0.35991100, 0.83917100
1.00000000, -0.00000016, 0.00000109
0.74847080, 0.25669930
-0.30967900, -0.32091100, 0.81665400
1.00000000, 0.00000042, 0.00000327
0.74102710, 0.24926720
-0.30967900, -0.38242800, 0.87817100
1.00000000, -0.00000042, 0.00000051
0.75863590, 0.25941860
-0.30967900, -0.38242800, 0.92320500
1.00000000, -0.00000010, 0.00000079
0.76879540, 0.25670060
-0.30967900, -0.35991100, 0.96220500
1.00000000, -0.00000066, 0.00000054
0.77621980, 0.24930020
-0.45133000, -0.32091100, 0.98472200
-1.00000000, 0.00000048, -0.00000010
0.77894290, 0.23917980
-0.45133000, -0.27587700, 0.98472200
-1.00000000, -0.00000100, -0.00000045
0.77621970, 0.22908140
-0.45133000, -0.27587700, 0.81665400
-1.00000000, 0.00000059, -0.00000086
0.73833120, 0.23919180
-0.45133000, -0.23687700, 0.96220500
-1.00000000, -0.00000045, -0.00000066
0.76879560, 0.22168150
-0.45133000, -0.21436000, 0.92320500
-1.00000000, 0.00000128, -0.00000110
0.75863610, 0.21896350
-0.45133000, -0.21436000, 0.87817100
-1.00000000, 0.00000099, -0.00000099
0.74847100, 0.22168260
-0.45133000, -0.23687700, 0.83917100
-1.00000000, 0.00000231, -0.00000231
0.74102740, 0.22911470
-0.45133000, -0.32091100, 0.81665400
-1.00000000, 0.00000000, -0.00000339
0.74106780, 0.24929490
-0.45133000, -0.35991100, 0.83917100
-1.00000000, 0.00000097, 0.00000022
0.74846540, 0.25668390
-0.45133000, -0.38242800, 0.87817100
-1.00000000, 0.00000079, 0.00000012
0.75861230, 0.25941780
-0.45133000, -0.38242800, 0.92320500
-1.00000000, 0.00000010, -0.00000062
0.76878940, 0.25671420
-0.45133000, -0.35991100, 0.96220500
-1.00000000, 0.00000102, -0.00000020
0.77623280, 0.24929560
0.28519300, -0.21357100, -0.51844300
0.00000027, 1.00000000, 0.00000025
0.69909990, 0.00920439
0.42684400, -0.22522700, -0.56194200
0.00000064, 0.86602630, -0.49999840
0.71140500, 0.04258263
0.28519300, -0.22522700, -0.56194200
0.00000052, 0.86602620, -0.49999870
0.71140500, 0.00920439
0.42684400, -0.21357100, -0.51844300
0.00000024, 1.00000000, 0.00000028
0.69909990, 0.04258263
0.42684400, -0.25707000, -0.59378600
0.00000055, 0.50000040, -0.86602520
0.72371010, 0.04258263
0.28519300, -0.25707000, -0.59378600
0.00000044, 0.50000020, -0.86602530
0.72371010, 0.00920439
0.42684400, -0.30057000, -0.60544200
0.00000027, -0.00000083, -1.00000000
0.73601520, 0.04258263
0.28519300, -0.30057000, -0.60544200
0.00000053, -0.00000017, -1.00000000
0.73601520, 0.00920439
0.42684400, -0.34406900, -0.59378600
0.00000044, -0.50000030, -0.86602530
0.74832030, 0.04258263
0.28519300, -0.34406900, -0.59378600
0.00000054, -0.50000010, -0.86602530
0.74832030, 0.00920439
0.42684400, -0.37591300, -0.56194200
0.00000010, -0.86602540, -0.49999990
0.76062540, 0.04258263
0.28519300, -0.37591200, -0.56194200
-0.00000017, -0.86602590, -0.49999920
0.76062540, 0.00920439
0.42684400, -0.38756800, -0.51844300
-0.00000070, -1.00000000, -0.00000044
0.77293050, 0.04258263
0.28519300, -0.38756800, -0.51844300
-0.00000061, -1.00000000, -0.00000080
0.77293050, 0.00920439
0.42684400, -0.37591300, -0.47494400
-0.00000066, -0.86602540, 0.50000000
0.78249010, 0.04258263
0.28519300, -0.37591200, -0.47494400
-0.00000062, -0.86602540, 0.49999990
0.78249010, 0.00920439
0.28519300, -0.37591200, -0.47494400
-0.00000062, -0.86602540, 0.49999990
0.64031980, 0.00920439
0.42684400, -0.34406900, -0.44310000
-0.00000058, -0.49999910, 0.86602590
0.64987950, 0.04258263
0.28519300, -0.34406900, -0.44310100
-0.00000069, -0.49999870, 0.86602620
0.64987950, 0.00920439
0.42684400, -0.37591300, -0.47494400
-0.00000066, -0.86602540, 0.50000000
0.64031980, 0.04258263
0.42684400, -0.30057000, -0.43144500
-0.00000058, -0.00000019, 1.00000000
0.66218450, 0.04258251
0.28519300, -0.30057000, -0.43144500
-0.00000062, -0.00000020, 1.00000000
0.66218450, 0.00920439
0.42684400, -0.25707100, -0.44310000
-0.00000042, 0.49999760, 0.86602680
0.67448960, 0.04258263
0.28519300, -0.25707000, -0.44310100
-0.00000062, 0.49999820, 0.86602650
0.67448960, 0.00920439
0.42684400, -0.22522700, -0.47494400
-0.00000019, 0.86602470, 0.50000130
0.68679480, 0.04258263
0.28519300, -0.22522700, -0.47494400
-0.00000028, 0.86602500, 0.50000080
0.68679480, 0.00920439
0.28519300, -0.22522700, -0.56194200
-1.00000000, 0.00000021, -0.00000054
0.77623300, 0.22908620
0.28519300, -0.38756800, -0.51844300
-1.00000000, 0.00000027, -0.00000044
0.73833120, 0.23919010
0.28519300, -0.21357100, -0.51844300
-1.00000000, 0.00000033, -0.00000044
0.77894290, 0.23920210
0.28519300, -0.25707000, -0.59378600
-1.00000000, 0.00000009, -0.00000112
0.76878940, 0.22166780
0.28519300, -0.30057000, -0.60544200
-1.00000000, 0.00000034, -0.00000075
0.75861220, 0.21896430
0.28519300, -0.34406900, -0.59378600
-1.00000000, 0.00000082, -0.00000029
0.74846560, 0.22169790
0.28519300, -0.37591200, -0.56194200
-1.00000000, 0.00000104, -0.00000016
0.74106780, 0.22908660
0.28519300, -0.34406900, -0.44310100
-1.00000000, 0.00000091, -0.00000103
0.74847080, 0.25669930
0.28519300, -0.37591200, -0.47494400
-1.00000000, -0.00000164, 0.00000044
0.74102710, 0.24926720
0.28519300, -0.30057000, -0.43144500
-1.00000000, 0.00000052, -0.00000052
0.75863590, 0.25941860
0.28519300, -0.25707000, -0.44310100
-1.00000000, 0.00000017, -0.00000004
0.76879540, 0.25670060
0.28519300, -0.22522700, -0.47494400
-1.00000000, 0.00000023, -0.00000044
0.77621980, 0.24930020
0.42684400, -0.21357100, -0.51844300
1.00000000, -0.00000066, 0.00000044
0.77894290, 0.23917980
0.42684400, -0.38756800, -0.51844300
1.00000000, 0.00000008, 0.00000070
0.73833120, 0.23919180
0.42684400, -0.22522700, -0.56194200
1.00000000, -0.00000041, 0.00000108
0.77621970, 0.22908140
0.42684400, -0.25707000, -0.59378600
1.00000000, -0.00000035, 0.00000192
0.76879560, 0.22168150
0.42684400, -0.30057000, -0.60544200
1.00000000, -0.00000096, 0.00000079
0.75863610, 0.21896350
0.42684400, -0.34406900, -0.59378600
1.00000000, -0.00000014, 0.00000144
0.74847100, 0.22168260
0.42684400, -0.37591300, -0.56194200
1.00000000, 0.00000359, 0.00000359
0.74102740, 0.22911470
0.42684400, -0.37591300, -0.47494400
1.00000000, 0.00000120, -0.00000120
0.74106780, 0.24929490
0.42684400, -0.34406900, -0.44310000
1.00000000, 0.00000026, -0.00000066
0.74846540, 0.25668390
0.42684400, -0.30057000, -0.43144500
1.00000000, -0.00000060, 0.00000016
0.75861230, 0.25941780
0.42684400, -0.25707100, -0.44310000
1.00000000, -0.00000049, -0.00000016
0.76878940, 0.25671420
0.42684400, -0.22522700, -0.47494400
1.00000000, -0.00000054, 0.00000027
0.77623280, 0.24929560
-0.30967900, -0.21357100, -0.51844400
0.00000035, 1.00000000, 0.00000067
0.69909990, 0.00920439
-0.45132900, -0.22522700, -0.56194300
0.00000056, 0.86602650, -0.49999810
0.71140500, 0.04258263
-0.45132900, -0.21357100, -0.51844400
0.00000049, 1.00000000, 0.00000023
0.69909990, 0.04258263
-0.30967800, -0.22522700, -0.56194300
0.00000054, 0.86602650, -0.49999820
0.71140500, 0.00920439
-0.45132900, -0.25707000, -0.59378700
0.00000063, 0.50000040, -0.86602510
0.72371010, 0.04258263
-0.30967800, -0.25707000, -0.59378700
0.00000062, 0.50000040, -0.86602520
0.72371010, 0.00920439
-0.45132900, -0.30056900, -0.60544200
0.00000058, -0.00000011, -1.00000000
0.73601520, 0.04258263
-0.30967800, -0.30056900, -0.60544200
0.00000051, 0.00000025, -1.00000000
0.73601520, 0.00920439
-0.45132900, -0.34406900, -0.59378700
0.00000036, -0.50000000, -0.86602540
0.74832030, 0.04258263
-0.30967800, -0.34406900, -0.59378700
0.00000033, -0.49999980, -0.86602550
0.74832030, 0.00920439
-0.45133000, -0.37591200, -0.56194300
0.00000004, -0.86602550, -0.49999980
0.76062540, 0.04258263
-0.30967900, -0.37591200, -0.56194300
0.00000012, -0.86602580, -0.49999930
0.76062540, 0.00920439
-0.45132900, -0.38756800, -0.51844400
-0.00000008, -1.00000000, -0.00000015
0.77293050, 0.04258263
-0.30967900, -0.38756800, -0.51844400
-0.00000008, -1.00000000, -0.00000024
0.77293050, 0.00920439
-0.45133000, -0.37591200, -0.47494500
-0.00000015, -0.86602490, 0.50000080
0.78249010, 0.04258263
-0.30967900, -0.37591200, -0.47494500
-0.00000055, -0.86602570, 0.49999950
0.78249010, 0.00920439
-0.30967900, -0.37591200, -0.47494500
-0.00000055, -0.86602570, 0.49999950
0.64031980, 0.00920439
-0.45133000, -0.34406900, -0.44310100
-0.00000065, -0.49999880, 0.86602610
0.64987950, 0.04258263
-0.45133000, -0.37591200, -0.47494500
-0.00000015, -0.86602490, 0.50000080
0.64031980, 0.04258263
-0.30967900, -0.34406900, -0.44310100
-0.00000095, -0.49999960, 0.86602560
0.64987950, 0.00920439
-0.45133000, -0.30056900, -0.43144600
-0.00000082, -0.00000082, 1.00000000
0.66218450, 0.04258251
-0.30967900, -0.30056900, -0.43144500
-0.00000061, -0.00000023, 1.00000000
0.66218450, 0.00920439
-0.45133000, -0.25707000, -0.44310100
-0.00000030, 0.49999750, 0.86602680
0.67448960, 0.04258263
-0.30967900, -0.25707000, -0.44310100
-0.00000002, 0.49999830, 0.86602630
0.67448960, 0.00920439
-0.45133000, -0.22522700, -0.47494400
0.00000025, 0.86602500, 0.50000060
0.68679480, 0.04258263
-0.30967900, -0.22522700, -0.47494400
0.00000025, 0.86602500, 0.50000070
0.68679480, 0.00920439
-0.30967800, -0.22522700, -0.56194300
1.00000000, -0.00000008, 0.00000103
0.77623300, 0.22908620
-0.30967900, -0.21357100, -0.51844400
1.00000000, -0.00000011, 0.00000044
0.77894290, 0.23920210
-0.30967900, -0.38756800, -0.51844400
1.00000000, -0.00000078, 0.00000050
0.73833120, 0.23919010
-0.30967800, -0.25707000, -0.59378700
1.00000000, -0.00000027, 0.00000080
0.76878940, 0.22166780
-0.30967800, -0.30056900, -0.60544200
1.00000000, -0.00000062, 0.00000004
0.75861220, 0.21896430
-0.30967800, -0.34406900, -0.59378700
1.00000000, -0.00000003, 0.00000074
0.74846560, 0.22169790
-0.30967900, -0.37591200, -0.56194300
1.00000000, -0.00000245, -0.00000066
0.74106780, 0.22908660
-0.30967900, -0.34406900, -0.44310100
1.00000000, -0.00000043, 0.00000025
0.74847080, 0.25669930
-0.30967900, -0.37591200, -0.47494500
1.00000000, -0.00000425, 0.00000245
0.74102710, 0.24926720
-0.30967900, -0.30056900, -0.43144500
1.00000000, 0.00000000, 0.00000000
0.75863590, 0.25941860
-0.30967900, -0.25707000, -0.44310100
1.00000000, -0.00000015, 0.00000027
0.76879540, 0.25670060
-0.30967900, -0.22522700, -0.47494400
1.00000000, -0.00000015, 0.00000013
0.77621980, 0.24930020
-0.45132900, -0.21357100, -0.51844400
-1.00000000, -0.00000022, -0.00000044
0.77894290, 0.23917980
-0.45132900, -0.22522700, -0.56194300
-1.00000000, -0.00000031, -0.00000027
0.77621970, 0.22908140
-0.45132900, -0.38756800, -0.51844400
-1.00000000, 0.00000080, -0.00000055
0.73833120, 0.23919180
-0.45132900, -0.25707000, -0.59378700
-1.00000000, -0.00000031, -0.00000053
0.76879560, 0.22168150
-0.45132900, -0.30056900, -0.60544200
-1.00000000, 0.00000024, 0.00000024
0.75863610, 0.21896350
-0.45132900, -0.34406900, -0.59378700
-1.00000000, 0.00000148, 0.00000136
0.74847100, 0.22168260
-0.45133000, -0.37591200, -0.56194300
-1.00000000, 0.00000403, 0.00000283
0.74102740, 0.22911470
-0.45133000, -0.37591200, -0.47494500
-1.00000000, 0.00000359, -0.00000359
0.74106780, 0.24929490
-0.45133000, -0.34406900, -0.44310100
-1.00000000, -0.00000014, -0.00000144
0.74846540, 0.25668390
-0.45133000, -0.30056900, -0.43144600
-1.00000000, 0.00000070, -0.00000245
0.75861230, 0.25941780
-0.45133000, -0.25707000, -0.44310100
-1.00000000, 0.00000004, -0.00000109
0.76878940, 0.25671420
-0.45133000, -0.22522700, -0.47494400
-1.00000000, -0.00000028, -0.00000071
0.77623280, 0.24929560
# Number of Faces:
853
# Face Data:
0, 1, 2
1, 0, 3
1, 4, 5
4, 1, 3
5, 6, 7
6, 5, 4
8, 0, 2
0, 8, 9
10, 9, 8
9, 10, 11
10, 12, 11
12, 10, 13
14, 15, 16
15, 14, 17
17, 18, 15
18, 17, 19
19, 16, 18
16, 19, 14
16, 20, 21
20, 16, 15
15, 22, 20
22, 15, 18
18, 21, 22
21, 18, 16
21, 23, 24
23, 21, 20
20, 25, 23
25, 20, 22
22, 24, 25
24, 22, 21
24, 26, 27
26, 24, 23
23, 28, 26
28, 23, 25
25, 27, 28
27, 25, 24
27, 29, 30
29, 27, 26
26, 31, 29
31, 26, 28
28, 30, 31
30, 28, 27
30, 17, 14
17, 30, 29
29, 19, 17
19, 29, 31
31, 14, 19
14, 31, 30
32, 33, 34
33, 32, 35
36, 37, 38
37, 36, 39
40, 39, 36
39, 40, 41
41, 37, 39
37, 41, 42
42, 38, 37
38, 42, 43
43, 36, 38
36, 43, 40
44, 45, 46
45, 44, 47
48, 49, 50
47, 51, 45
51, 47, 52
53, 54, 55
54, 53, 56
57, 58, 59
60, 61, 62
61, 60, 63
61, 64, 62
65, 66, 67
66, 65, 68
57, 61, 63
61, 57, 59
68, 69, 66
70, 71, 72
72, 71, 73
58, 74, 59
74, 58, 75
66, 76, 67
66, 77, 78
79, 80, 81
81, 82, 83
83, 84, 81
85, 86, 87
86, 85, 88
86, 89, 87
90, 86, 91
86, 90, 89
92, 93, 94
93, 95, 96
95, 93, 92
65, 97, 98
97, 65, 99
98, 100, 101
100, 98, 97
101, 102, 103
102, 101, 100
103, 104, 105
104, 103, 102
105, 106, 107
106, 105, 104
67, 99, 65
99, 67, 108
106, 109, 107
109, 106, 110
111, 112, 113
112, 111, 114
115, 116, 117
116, 115, 118
117, 119, 120
119, 117, 116
120, 121, 122
121, 120, 119
123, 124, 125
124, 123, 126
127, 128, 129
130, 131, 132
131, 130, 133
134, 135, 136
137, 138, 139
138, 137, 140
118, 141, 116
141, 118, 142
143, 144, 145
144, 143, 146
147, 148, 149
148, 147, 150
151, 124, 126
124, 151, 152
128, 153, 133
153, 128, 154
133, 155, 131
155, 133, 153
135, 156, 136
156, 135, 157
140, 158, 138
157, 159, 156
160, 161, 114
161, 160, 162
161, 163, 164
163, 161, 162
165, 145, 166
145, 165, 143
166, 167, 168
167, 166, 145
169, 146, 143
144, 147, 145
147, 144, 150
145, 149, 167
149, 145, 147
84, 170, 81
81, 170, 79
66, 69, 77
77, 171, 172
171, 77, 69
67, 76, 173
94, 91, 92
91, 94, 90
82, 81, 80
76, 66, 78
173, 108, 67
108, 173, 174
129, 128, 133
129, 133, 130
110, 175, 109
175, 110, 174
174, 173, 175
63, 60, 176
177, 178, 179
177, 180, 178
177, 181, 180
72, 73, 182
72, 183, 184
183, 72, 182
50, 183, 185
183, 50, 184
50, 186, 48
186, 50, 185
186, 187, 48
187, 186, 188
48, 187, 189
187, 190, 191
190, 187, 188
105, 192, 193
105, 54, 103
54, 105, 193
103, 56, 101
56, 103, 54
51, 194, 45
194, 51, 195
45, 196, 46
196, 45, 194
197, 198, 199
200, 199, 198
200, 201, 199
200, 202, 201
194, 195, 203
196, 203, 204
203, 196, 194
205, 54, 193
54, 205, 55
178, 206, 179
206, 178, 207
193, 192, 208
192, 105, 209
209, 105, 210
178, 205, 193
178, 211, 205
178, 180, 211
212, 213, 214
213, 212, 215
213, 215, 216
217, 216, 215
216, 217, 218
217, 219, 218
219, 217, 220
219, 220, 221
222, 221, 220
221, 222, 223
224, 225, 226
224, 227, 225
227, 224, 228
229, 227, 228
225, 229, 230
229, 225, 227
199, 190, 197
190, 199, 191
230, 231, 225
231, 226, 225
232, 233, 234
233, 232, 46
185, 235, 186
234, 236, 237
236, 234, 233
238, 239, 240
239, 238, 241
57, 242, 58
243, 244, 63
244, 243, 245
246, 244, 245
247, 248, 249
248, 247, 250
244, 57, 63
57, 244, 242
249, 248, 251
252, 182, 253
182, 73, 253
58, 254, 75
254, 58, 242
248, 250, 255
248, 256, 257
258, 259, 260
259, 261, 262
261, 259, 263
264, 265, 266
265, 264, 267
265, 267, 268
269, 265, 268
265, 269, 270
271, 272, 273
273, 274, 271
274, 273, 275
247, 276, 277
276, 247, 278
278, 279, 276
279, 278, 280
280, 281, 279
281, 280, 282
282, 283, 281
283, 282, 284
284, 285, 283
285, 284, 286
250, 277, 287
277, 250, 247
285, 288, 289
288, 285, 286
290, 291, 292
291, 290, 293
294, 295, 296
295, 294, 297
297, 298, 295
298, 297, 299
299, 300, 298
300, 299, 301
302, 303, 304
303, 302, 305
306, 307, 308
309, 310, 311
310, 309, 312
313, 314, 315
316, 138, 317
138, 316, 318
296, 141, 142
141, 296, 295
151, 303, 152
303, 151, 304
308, 153, 154
153, 308, 311
311, 155, 153
155, 311, 310
315, 319, 157
319, 315, 314
317, 138, 158
157, 319, 159
320, 321, 322
321, 320, 292
321, 163, 322
163, 321, 164
323, 144, 146
144, 323, 324
324, 325, 144
325, 324, 326
169, 323, 146
144, 148, 150
148, 144, 325
263, 259, 327
259, 258, 327
248, 257, 251
257, 328, 251
328, 257, 329
250, 330, 255
272, 270, 269
270, 272, 271
262, 260, 259
255, 256, 248
330, 287, 331
287, 330, 250
307, 311, 308
307, 309, 311
289, 332, 331
332, 289, 288
331, 332, 330
243, 63, 176
333, 334, 335
334, 333, 336
186, 337, 188
338, 286, 284
286, 338, 339
284, 340, 341
284, 239, 340
239, 284, 282
282, 240, 239
240, 282, 280
236, 342, 343
342, 236, 233
233, 196, 342
196, 233, 46
344, 345, 346
344, 197, 345
344, 198, 197
343, 342, 347
347, 196, 204
196, 347, 342
348, 239, 241
239, 348, 340
333, 349, 350
349, 333, 335
340, 351, 341
341, 352, 284
352, 338, 284
333, 348, 353
348, 333, 340
354, 355, 356
355, 354, 357
357, 358, 355
358, 359, 355
359, 358, 360
360, 361, 359
361, 360, 362
362, 363, 361
363, 364, 361
364, 363, 365
366, 367, 368
366, 369, 370
369, 366, 368
371, 370, 369
368, 371, 369
371, 368, 372
372, 368, 373
373, 368, 367
340, 333, 350
351, 340, 350
178, 193, 207
207, 193, 208
333, 353, 336
374, 375, 376
374, 377, 375
374, 378, 377
374, 379, 380
374, 381, 379
374, 376, 381
211, 180, 181
46, 382, 44
232, 382, 46
107, 210, 105
210, 107, 383
169, 143, 165
384, 385, 386
385, 384, 387
388, 389, 390
389, 388, 391
392, 393, 394
393, 392, 395
392, 396, 397
392, 398, 396
398, 392, 399
400, 398, 399
398, 400, 401
402, 403, 404
403, 402, 405
406, 407, 408
407, 406, 409
410, 411, 412
396, 410, 397
397, 395, 392
413, 414, 415
414, 413, 416
416, 417, 414
417, 416, 418
418, 419, 417
419, 418, 420
420, 421, 419
421, 420, 422
423, 385, 424
385, 423, 386
425, 388, 390
388, 426, 427
426, 388, 425
428, 429, 430
429, 428, 431
425, 432, 433
432, 425, 390
429, 434, 435
429, 436, 437
436, 429, 435
436, 438, 437
438, 436, 439
438, 403, 405
403, 438, 440
408, 441, 406
441, 442, 443
442, 441, 408
444, 445, 446
435, 434, 445
434, 429, 431
447, 448, 449
448, 447, 450
449, 451, 452
451, 449, 448
452, 453, 454
453, 452, 451
454, 455, 456
455, 454, 453
441, 432, 406
432, 441, 433
444, 435, 445
396, 411, 410
457, 458, 459
458, 457, 460
460, 461, 458
461, 460, 462
462, 463, 461
463, 462, 464
464, 465, 463
465, 464, 466
466, 467, 465
467, 466, 468
468, 469, 467
469, 468, 470
470, 471, 469
471, 470, 472
472, 473, 471
473, 472, 474
474, 475, 473
475, 474, 476
476, 459, 475
459, 476, 457
477, 419, 421
419, 477, 417
414, 477, 415
477, 414, 417
478, 448, 450
448, 478, 451
453, 478, 455
478, 453, 451
479, 480, 481
480, 479, 482
479, 483, 482
483, 479, 484
387, 482, 385
482, 387, 480
482, 424, 385
424, 482, 483
485, 486, 487
486, 485, 488
486, 489, 490
489, 486, 488
490, 491, 492
491, 490, 489
493, 65, 98
65, 493, 494
492, 495, 496
495, 492, 491
496, 497, 498
497, 496, 495
498, 499, 500
499, 498, 497
488, 6, 4
6, 488, 485
501, 502, 503
504, 505, 506
507, 508, 509
510, 511, 512
513, 514, 515
516, 517, 518
519, 520, 521
520, 519, 522
520, 523, 521
523, 520, 524
524, 525, 523
525, 524, 526
527, 528, 529
528, 527, 530
531, 532, 533
532, 531, 534
534, 535, 532
535, 534, 536
536, 537, 535
537, 536, 538
539, 540, 541
540, 539, 542
543, 544, 545
544, 543, 546
544, 547, 548
547, 544, 546
548, 549, 550
549, 548, 547
551, 552, 553
552, 551, 554
555, 553, 556
553, 555, 551
555, 557, 558
557, 555, 556
559, 560, 561
560, 559, 562
561, 563, 564
563, 561, 560
564, 565, 566
565, 564, 563
566, 562, 559
562, 566, 565
562, 567, 560
567, 562, 568
560, 567, 563
563, 568, 565
568, 563, 567
565, 568, 562
559, 569, 570
569, 559, 561
561, 571, 569
571, 561, 564
564, 572, 571
572, 564, 566
566, 570, 572
570, 566, 559
570, 573, 574
573, 570, 569
569, 571, 573
571, 574, 573
574, 571, 572
572, 570, 574
575, 576, 577
576, 575, 578
575, 579, 580
579, 575, 577
581, 580, 579
582, 583, 584
583, 582, 585
582, 586, 585
586, 582, 587
588, 586, 587
589, 590, 591
590, 589, 592
593, 594, 595
594, 593, 596
597, 598, 599
598, 597, 600
601, 600, 597
600, 601, 602
603, 604, 605
604, 603, 606
607, 608, 609
608, 607, 610
591, 610, 607
610, 591, 590
611, 612, 613
612, 611, 614
612, 615, 616
615, 612, 614
616, 617, 618
617, 616, 615
619, 620, 621
620, 619, 622
623, 624, 625
624, 623, 626
627, 628, 629
628, 627, 630
631, 632, 633
632, 631, 634
634, 621, 632
621, 634, 619
635, 636, 637
636, 635, 638
636, 639, 637
639, 636, 640
640, 641, 639
641, 640, 642
643, 644, 645
644, 643, 646
645, 647, 648
647, 645, 644
649, 647, 650
647, 649, 648
651, 652, 653
652, 651, 654
654, 655, 652
655, 654, 656
656, 657, 655
657, 656, 658
658, 653, 657
653, 658, 651
653, 659, 660
659, 653, 652
652, 655, 659
655, 660, 659
660, 655, 657
657, 653, 660
651, 661, 654
661, 651, 662
654, 663, 656
663, 654, 661
656, 664, 658
664, 656, 663
658, 662, 651
662, 658, 664
662, 665, 661
665, 662, 666
661, 665, 663
663, 666, 664
666, 663, 665
664, 666, 662
667, 668, 669
668, 667, 670
667, 671, 670
671, 667, 672
673, 671, 672
674, 675, 676
675, 674, 677
674, 678, 679
678, 674, 676
680, 679, 678
681, 682, 683
682, 681, 684
685, 686, 687
686, 685, 688
689, 690, 691
690, 689, 692
693, 691, 694
691, 693, 689
695, 696, 697
696, 695, 698
699, 700, 701
700, 699, 702
684, 701, 682
701, 684, 699
703, 704, 705
704, 703, 706
705, 707, 708
707, 705, 704
708, 709, 710
709, 708, 707
710, 711, 712
711, 710, 709
712, 713, 714
713, 712, 711
714, 715, 716
715, 714, 713
716, 717, 718
717, 716, 715
719, 720, 721
720, 719, 722
721, 723, 724
723, 721, 720
724, 725, 726
725, 724, 723
726, 727, 728
727, 726, 725
728, 706, 703
706, 728, 727
729, 730, 731
732, 730, 729
733, 730, 732
734, 730, 733
735, 730, 734
736, 730, 737
738, 730, 736
739, 730, 738
740, 730, 739
731, 730, 740
741, 742, 743
743, 742, 744
744, 742, 745
745, 742, 746
746, 742, 747
748, 742, 749
749, 742, 750
750, 742, 751
751, 742, 752
752, 742, 741
753, 754, 755
754, 753, 756
756, 757, 754
757, 756, 758
758, 759, 757
759, 758, 760
760, 761, 759
761, 760, 762
762, 763, 761
763, 762, 764
764, 765, 763
765, 764, 766
766, 767, 765
767, 766, 768
769, 770, 771
770, 769, 772
772, 773, 770
773, 772, 774
774, 775, 773
775, 774, 776
776, 777, 775
777, 776, 778
778, 755, 777
755, 778, 753
779, 780, 781
782, 779, 781
783, 782, 781
784, 783, 781
785, 784, 781
786, 787, 781
788, 786, 781
789, 788, 781
790, 789, 781
780, 790, 781
791, 792, 793
792, 794, 793
794, 795, 793
795, 796, 793
796, 797, 793
798, 799, 793
799, 800, 793
800, 801, 793
801, 802, 793
802, 791, 793
803, 804, 805
804, 803, 806
805, 807, 808
807, 805, 804
808, 809, 810
809, 808, 807
810, 811, 812
811, 810, 809
812, 813, 814
813, 812, 811
814, 815, 816
815, 814, 813
816, 817, 818
817, 816, 815
819, 820, 821
820, 819, 822
821, 823, 824
823, 821, 820
824, 825, 826
825, 824, 823
826, 827, 828
827, 826, 825
828, 806, 803
806, 828, 827
829, 830, 831
832, 830, 829
833, 830, 832
834, 830, 833
835, 830, 834
836, 830, 837
838, 830, 836
839, 830, 838
840, 830, 839
831, 830, 840
841, 842, 843
843, 842, 844
844, 842, 845
845, 842, 846
846, 842, 847
848, 842, 849
849, 842, 850
850, 842, 851
851, 842, 852
852, 842, 841
853, 854, 855
854, 853, 856
856, 857, 854
857, 856, 858
858, 859, 857
859, 858, 860
860, 861, 859
861, 860, 862
862, 863, 861
863, 862, 864
864, 865, 863
865, 864, 866
866, 867, 865
867, 866, 868
869, 870, 871
870, 869, 872
872, 873, 870
873, 872, 874
874, 875, 873
875, 874, 876
876, 877, 875
877, 876, 878
878, 855, 877
855, 878, 853
879, 880, 881
882, 879, 881
883, 882, 881
884, 883, 881
885, 884, 881
886, 887, 881
888, 886, 881
889, 888, 881
890, 889, 881
880, 890, 881
891, 892, 893
892, 894, 893
894, 895, 893
895, 896, 893
896, 897, 893
898, 899, 893
899, 900, 893
900, 901, 893
901, 902, 893
902, 891, 893
