# Project Zomboid Mesh
# File Version:
1.00000000
# Model Name:
Vehicles_SmallCar_Burnt
# Vertex Stride Element Count:
3
# Vertex Stride Size (in bytes):
76
# Vertex Stride Data:
# (Int)    Offset
# (String) Type
0
VertexArray
12
NormalArray
24
TextureCoordArray
# Vertex Count:
885
# Vertex Buffer:
-0.33486500, -0.26612400, 0.84582500
0.05019855, -0.99872110, 0.00602450
0.62279430, 0.97671870
-0.17286200, -0.25901500, 0.67444800
0.05094859, -0.99467250, 0.08961543
0.56191120, 0.92202780
-0.00432500, -0.24989700, 0.88798200
0.05233587, -0.99862510, 0.00297742
0.63778390, 0.85985640
-0.33479300, -0.26750200, 0.67444800
0.05233460, -0.99859710, 0.00804884
0.56191120, 0.97671870
-0.36038900, -0.04128100, 0.79764600
-0.64584400, 0.64466330, 0.40901690
0.61739200, 0.70776140
-0.01961700, 0.04189800, 0.62553700
-0.05096756, 0.97251500, 0.22719320
0.55429950, 0.58821320
-0.36688700, 0.02479400, 0.58338000
-0.67661170, 0.71700350, 0.16763830
0.53898590, 0.70881250
-0.01614600, -0.02433500, 0.83980200
-0.04329700, 0.82615230, 0.56178090
0.63270560, 0.58821320
-0.33486500, -0.26612400, 0.84582500
-0.70484570, -0.44466970, 0.55268560
0.67950330, 0.81059540
-0.01005000, -0.14065300, 0.93792100
-0.01184543, 0.22601990, 0.97405060
0.82031250, 0.76562500
-0.34826500, -0.15728300, 0.89576400
-0.51390680, 0.14724770, 0.84511420
0.67622320, 0.76480130
-0.00432500, -0.24989700, 0.88798200
0.02173424, -0.41471450, 0.90969200
0.82031250, 0.81054690
-0.17286200, -0.25901500, 0.67444800
-0.02610774, -0.26241840, -0.96460090
0.56191120, 0.92202780
-0.37825000, -0.15249600, 0.65102800
0.01189386, -0.50289180, -0.86426760
0.55250960, 0.98991850
-0.17992300, -0.12427700, 0.63290000
-0.00216436, -0.65700540, -0.75388280
0.54590390, 0.92202780
-0.33479300, -0.26750200, 0.67444800
0.01026185, -0.19580650, -0.98058890
0.56191120, 0.97671870
-0.33479300, -0.26750200, 0.67444800
-0.94186160, -0.33538200, 0.02038816
0.59770440, 0.44634310
-0.37029200, -0.15721400, 0.84869500
-0.96495930, -0.05846884, 0.25580250
0.66416710, 0.39913800
-0.37825000, -0.15249600, 0.65102800
-0.99406760, -0.08993179, 0.06117070
0.58744110, 0.39913800
-0.33486500, -0.26612400, 0.84582500
-0.70484570, -0.44466970, 0.55268560
0.66416710, 0.44398270
-0.34826500, -0.15728300, 0.89576400
-0.51390680, 0.14724770, 0.84511420
0.68243740, 0.39913800
-0.38011300, -0.11694500, 0.61477100
0.01751969, -0.84460850, -0.53509770
0.53929810, 0.98991850
-0.35839100, -0.12190700, 0.84959400
-0.45504160, 0.35975670, 0.81456260
0.66416710, 0.38509630
-0.01192700, -0.10484500, 0.89175000
-0.04130122, 0.78806920, 0.61419950
0.82075440, 0.75140830
-0.35839100, -0.12190700, 0.84959400
-0.45504160, 0.35975670, 0.81456260
0.67269700, 0.75140830
-0.01349300, -0.07496500, 0.88365000
-0.02418615, 0.46150030, 0.88681030
0.82031250, 0.73828130
-0.36099300, -0.09208100, 0.84149400
-0.62197410, 0.38496940, 0.68187000
0.67225430, 0.73930950
-0.01192700, -0.10484500, 0.89175000
-0.01367557, 0.26094930, 0.96525560
0.82075440, 0.75140830
-0.38177500, -0.08523900, 0.53622100
0.03457323, -0.99706950, -0.06824310
0.51109390, 0.98991850
-0.18251600, -0.07479600, 0.53622100
0.03462588, -0.99717870, -0.06660117
0.51109390, 0.92202780
-0.01614600, -0.02433500, 0.83980200
-0.04329700, 0.82615230, 0.56178090
0.82075440, 0.71912780
-0.36038900, -0.04128100, 0.79764600
-0.64584400, 0.64466330, 0.40901690
0.67364650, 0.71912780
-0.37999600, -0.11917600, -0.39843100
-0.06348936, -0.52508980, -0.84867530
0.17929560, 0.98991860
-0.22684700, -0.27801200, -0.37367100
-0.12710860, -0.25474460, -0.95861800
0.18962960, 0.93884670
-0.36258400, -0.20876800, -0.37287000
-0.13756920, -0.25860260, -0.95613780
0.18921150, 0.98543380
-0.23681300, -0.08783600, -0.42735600
-0.10759390, -0.77273460, -0.62554360
0.16879800, 0.93884670
-0.38035100, -0.11241800, 0.44004600
0.03704377, -0.87242310, 0.48734570
0.47717080, 0.98991850
-0.18021000, -0.11880700, 0.42174500
-0.02522005, -0.69338080, 0.72012980
0.47082330, 0.92202780
-0.38177500, -0.08523900, 0.53622100
-0.99456880, 0.10112620, 0.02462408
0.54223010, 0.37305900
-0.36820500, 0.04994400, 0.39212300
-0.85910030, 0.50099730, 0.10463430
0.50900950, 0.32016890
-0.38035100, -0.11241800, 0.44004600
-0.99888480, 0.03779633, -0.02829525
0.50519790, 0.38509670
-0.36688700, 0.02479400, 0.58338000
-0.67661170, 0.71700350, 0.16763830
0.55942510, 0.32836160
-0.02090100, 0.06640200, 0.45922400
-0.05181139, 0.98861650, 0.14125520
0.50711790, 0.58821320
-0.36820500, 0.04994400, 0.39212300
-0.85910030, 0.50099730, 0.10463430
0.49357760, 0.70903610
-0.37858600, -0.14608200, 0.40344500
-0.00052760, -0.55452540, 0.83216660
0.46447590, 0.98991850
-0.37539500, 0.03567500, 0.33844200
-0.99519130, 0.07412519, 0.06402916
0.46430040, 0.32635350
-0.37858600, -0.14608200, 0.40344500
-0.99969270, 0.00934180, -0.02296052
0.49133980, 0.39913860
-0.33521200, -0.25949200, 0.36545300
-0.05588217, -0.31723120, 0.94670030
0.45204140, 0.97671870
-0.17054400, -0.30324800, 0.36409600
-0.07214233, -0.30099400, 0.95089330
0.45204140, 0.92202780
-0.37867500, -0.14438900, 0.33810600
-0.99983250, 0.01821012, 0.00182962
0.46597830, 0.39913860
-0.36560900, -0.09989300, -0.84545100
-0.55160390, 0.49802940, -0.66910370
0.97851560, 0.93164060
-0.00796600, -0.18042300, -0.86573200
0.03136159, -0.59840880, -0.80057690
0.82031250, 0.98046880
-0.34771100, -0.19874800, -0.84574500
-0.43934590, -0.55677460, -0.70496610
0.97265630, 0.98046880
-0.01318100, -0.08090400, -0.86543700
-0.03444798, 0.65484080, -0.75498140
0.82031250, 0.93164060
-0.33521200, -0.25949200, 0.36545300
-0.25692110, -0.96611710, -0.02468490
0.45204140, 0.97671870
-0.33527300, -0.25834100, 0.32101200
-0.25696380, -0.96611010, -0.02451423
0.43623950, 0.97671870
-0.17054400, -0.30324800, 0.36409600
-0.05119618, -0.99865040, -0.00873178
0.45204140, 0.92202780
-0.38248800, -0.07163500, -0.45628200
-0.03944090, -0.94326620, -0.32968660
0.15830040, 0.98991860
-0.25303600, 0.21646400, 0.06258000
-0.11919780, 0.97769250, 0.17294260
0.35067420, 0.67203270
-0.03347700, 0.29630500, -0.23746000
-0.07125986, 0.99576100, 0.05815457
0.23852470, 0.58821320
-0.27204600, 0.28381900, -0.23772100
-0.06147651, 0.99438150, 0.08617488
0.23852470, 0.67125890
-0.03250400, 0.24644400, 0.10499600
-0.14318820, 0.97931110, 0.14299250
0.36301670, 0.58821320
-0.33602100, -0.24405500, -0.23695500
-0.33909360, -0.94054940, -0.01955290
0.23784420, 0.97671880
-0.33527300, -0.25834100, 0.32101200
-0.76760530, -0.64073620, -0.01546782
0.46051570, 0.44634180
-0.36238900, -0.21248600, -0.23609800
-0.85656160, -0.51589420, -0.01246476
0.24393940, 0.43307130
-0.33602100, -0.24405500, -0.23695500
-0.76760460, -0.64072760, -0.01585107
0.24455080, 0.44578360
-0.36164100, -0.22677300, 0.32186800
-0.85260440, -0.51808810, 0.06819463
0.46051660, 0.43300160
-0.33621400, -0.24036700, -0.37254800
-0.32559020, -0.94517400, -0.02524281
0.18962960, 0.97671880
-0.22684700, -0.27801200, -0.37367100
-0.08828130, -0.99266050, -0.08265359
0.18962960, 0.93884670
-0.36258400, -0.20876800, -0.37287000
-0.91325620, -0.40726850, -0.00977394
0.19084890, 0.43300040
-0.33621400, -0.24036700, -0.37254800
-0.76759240, -0.64073010, -0.01633259
0.19130530, 0.44634060
-0.37999600, -0.11917600, -0.39843100
-0.98142310, -0.19181810, -0.00381093
0.18002410, 0.39665230
-0.37978400, -0.12322600, -0.24887300
-0.98142630, -0.19180190, -0.00380125
0.23807800, 0.39672310
-0.37978400, -0.12322600, -0.24887300
-0.99983240, 0.01820823, 0.00191147
0.23807800, 0.39672310
-0.37649800, 0.05672600, -0.24421400
-0.99974990, 0.02035168, 0.00927384
0.23807810, 0.32393810
-0.37999600, -0.11917600, -0.39843100
-0.99973600, -0.00026303, 0.02297790
0.18002410, 0.39665230
-0.38248800, -0.07163500, -0.45628200
-0.99962350, 0.02291070, 0.01510046
0.15710480, 0.37797350
-0.33621400, -0.24036700, -0.37254800
-0.01932758, -0.02631263, -0.99946690
0.18962960, 0.97671880
-0.38292800, -0.06324300, -0.56570900
-0.04049262, -0.98495220, 0.16801650
0.11934000, 0.98991860
-0.23744500, -0.07577500, -0.60198100
-0.07544588, -0.86970960, 0.48776350
0.10663670, 0.93884670
-0.37740900, 0.07411100, -0.56924700
-0.99919240, 0.03982309, 0.00536418
0.11132810, 0.32363520
-0.37796300, 0.08467600, -0.76677600
-0.93184810, 0.08819464, -0.35196710
0.03515625, 0.32363520
-0.38292800, -0.06324300, -0.56570900
-0.99962930, 0.02694270, -0.00391254
0.11457400, 0.37571910
-0.03228400, 0.28360100, -0.60623300
-0.05225893, 0.99715740, -0.05427810
0.10486970, 0.58821320
-0.27082500, 0.26053700, -0.58650600
-0.10148220, 0.99260460, -0.06661434
0.11212990, 0.67125900
-0.38082100, -0.10344500, -0.63825400
0.04576239, -0.87319840, 0.48521150
0.09393343, 0.98991860
-0.38082100, -0.10344500, -0.63825400
-0.99978630, 0.00108290, -0.02064706
0.08683898, 0.39279100
-0.36272100, -0.20616300, -0.67987700
-0.07986483, -0.45355460, 0.88764290
0.08009803, 0.98543380
-0.23046900, -0.20889100, -0.68012700
-0.00882003, -0.50658190, 0.86214670
0.08009803, 0.93884670
-0.38082100, -0.10344500, -0.63825400
-0.15318210, -0.39418380, 0.90617570
0.09393343, 0.98991860
-0.37925000, -0.09614200, -0.80617600
-0.72957250, 0.06663250, -0.68064980
0.02099661, 0.39163510
-0.38082100, -0.10344500, -0.63825400
1.00000000, 0.00000000, 0.00000000
0.08683898, 0.39279100
-0.23046900, -0.20889100, -0.68012700
0.04020885, -0.99232880, -0.11690500
0.08009803, 0.93884670
-0.36048000, -0.21164300, -0.79908900
0.01458348, -0.99986780, 0.00719107
0.03778955, 0.98474530
-0.00732700, -0.19261600, -0.81907500
0.05230741, -0.99808110, -0.03313667
0.03068294, 0.85985650
-0.36272100, -0.20616300, -0.67987700
-0.02052022, -0.99875220, 0.04552951
0.08009803, 0.98543380
-0.37925000, -0.09614200, -0.80617600
-0.95342710, 0.22415960, -0.20181480
0.02099661, 0.39163510
-0.36272100, -0.20616300, -0.67987700
-0.98623280, -0.16473260, -0.01442355
0.07173574, 0.43517070
-0.38082100, -0.10344500, -0.63825400
-0.98581350, -0.16703300, -0.01648232
0.08683898, 0.39279100
-0.36048000, -0.21164300, -0.79908900
-0.83088400, -0.50989140, -0.22280610
0.02555002, 0.43868870
-0.35012500, 0.08617600, -0.79410700
-0.48113230, 0.75309540, -0.44873040
0.02539063, 0.32363520
-0.37796300, 0.08467600, -0.76677600
-0.64566360, 0.70182560, -0.30093100
0.03515625, 0.32363520
-0.27082500, 0.26053700, -0.58650600
-0.85633060, 0.51501230, -0.03821425
0.10331140, 0.24731820
-0.37740900, 0.07411100, -0.56924700
-0.87720180, 0.48007430, 0.00675967
0.11132810, 0.32363520
-0.27204600, 0.28381900, -0.23772100
-0.89482780, 0.44640700, 0.00201172
0.23836950, 0.23420610
-0.37649800, 0.05672600, -0.24421400
-0.90849510, 0.41715550, 0.02485844
0.23807810, 0.32393810
-0.35631100, -0.09490700, -0.80742900
-0.05967702, 0.99152180, -0.11542590
0.02099661, 0.39163510
-0.36560900, -0.09989300, -0.84545100
-0.55160390, 0.49802940, -0.66910370
0.00644040, 0.39385480
-0.00732700, -0.19261600, -0.81907500
0.05062726, -0.96602090, -0.25345690
0.82031250, 0.98437500
-0.36048000, -0.21164300, -0.79908900
-0.83088400, -0.50989140, -0.22280610
0.97851560, 0.98437500
-0.34771100, -0.19874800, -0.84574500
-0.43934590, -0.55677460, -0.70496610
0.00732920, 0.43423270
-0.37867500, -0.14438900, 0.33810600
-0.97942960, -0.20174850, -0.00389740
0.46597830, 0.39913860
-0.37858600, -0.14608200, 0.40344500
-0.95486030, -0.28504830, 0.08360236
0.49133980, 0.39913860
-0.33521200, -0.25949200, 0.36545300
-0.84967230, -0.51053680, 0.13194380
0.47776590, 0.44634180
0.16424200, -0.24134800, 0.67444800
0.05330247, -0.99454910, 0.08961542
0.56191120, 0.79768500
0.16639300, -0.28239800, 0.52049000
0.05181935, -0.98876890, 0.14018150
0.50758370, 0.79768500
-0.17071100, -0.30006500, 0.52049000
0.05181939, -0.98876890, 0.14018170
0.50758370, 0.92202780
0.16656000, -0.28558100, 0.36409600
0.15530410, -0.98782810, -0.00873610
0.45204140, 0.79768500
0.21897900, -0.23670000, -0.52687900
0.05108088, -0.97462310, -0.21794630
0.13502490, 0.78086640
-0.22778500, -0.26011400, -0.52687900
0.05107802, -0.97462150, -0.21795410
0.13502490, 0.93884670
0.21629400, -0.18547700, -0.68012700
0.06373845, -0.99109570, -0.11690500
0.08009803, 0.78086640
-0.17054400, -0.30324800, 0.36409600
-0.99862950, -0.05233614, -0.00000026
0.45204140, 0.92202780
-0.17071100, -0.30006500, 0.52049000
-0.99862950, -0.05233616, -0.00000026
0.50758370, 0.92202780
-0.18021000, -0.11880700, 0.42174500
-0.99862950, -0.05233615, -0.00000027
0.47082330, 0.92202780
-0.18251600, -0.07479600, 0.53622100
-0.99862950, -0.05233616, -0.00000027
0.51109390, 0.92202780
-0.17992300, -0.12427700, 0.63290000
-0.99862950, -0.05233616, -0.00000025
0.54590390, 0.92202780
-0.17286200, -0.25901500, 0.67444800
-0.99862950, -0.05233618, -0.00000023
0.56191120, 0.92202780
-0.23046900, -0.20889100, -0.68012700
-0.99862950, -0.05233616, -0.00000014
0.08009803, 0.93884670
-0.22778500, -0.26011400, -0.52687900
-0.99862950, -0.05233615, -0.00000019
0.13502490, 0.93884670
-0.23744500, -0.07577500, -0.60198100
-0.99862950, -0.05233616, -0.00000015
0.10663670, 0.93884670
-0.23681300, -0.08783600, -0.42735600
-0.99862950, -0.05233615, -0.00000020
0.16879800, 0.93884670
-0.22684700, -0.27801200, -0.37367100
-0.99862950, -0.05233613, -0.00000024
0.18962960, 0.93884670
0.21991700, -0.25459400, -0.37367100
0.19157470, -0.97799780, -0.08257914
0.18962960, 0.78086640
-0.21433000, -0.29006300, -0.23831200
-0.15219180, -0.98744770, -0.04224563
0.23784420, 0.93465550
0.32610000, -0.23148400, 0.84582500
0.05447173, -0.99849710, 0.00602454
0.62279430, 0.74299420
0.32617300, -0.23286200, 0.67444800
0.05233458, -0.99859710, 0.00804874
0.56191120, 0.74299420
0.32798300, -0.00520500, 0.79764600
0.57611440, 0.70901760, 0.40667720
0.61739200, 0.46866510
0.32753700, 0.06118700, 0.58338100
0.59958850, 0.78196560, 0.17036270
0.53898590, 0.46761410
0.32610000, -0.23148400, 0.84582500
0.74746240, -0.36856110, 0.55268670
0.96200560, 0.81059540
0.32805000, -0.12183900, 0.89576400
0.49569800, 0.20016440, 0.84511410
0.96528560, 0.76480130
0.16424200, -0.24134800, 0.67444800
0.05339541, -0.25825180, -0.96460090
0.56191120, 0.79768500
0.35737100, -0.11394300, 0.65102800
0.04073833, -0.50137980, -0.86426770
0.55250960, 0.72979460
0.32617300, -0.23286200, 0.67444800
0.01026232, -0.19580670, -0.98058880
0.56191120, 0.74299420
0.15718100, -0.10661000, 0.63290000
0.07082881, -0.65318010, -0.75388260
0.54590390, 0.79768500
0.32617300, -0.23286200, 0.67444800
0.97175850, -0.23509550, 0.02038559
0.59770440, 0.22427040
0.34995000, -0.11946800, 0.84869500
0.96577940, 0.04273598, 0.25582000
0.66416710, 0.17706540
0.32610000, -0.23148400, 0.84582500
0.74746240, -0.36856110, 0.55268670
0.66416710, 0.22191010
0.35737100, -0.11394300, 0.65102800
0.99735550, 0.04096153, 0.06003552
0.58744110, 0.17706540
0.32805000, -0.12183900, 0.89576400
0.49569800, 0.20016440, 0.84511410
0.68243740, 0.17706540
0.35550800, -0.07839200, 0.61477100
0.07086243, -0.84181270, -0.53509800
0.53929810, 0.72979460
0.33442100, -0.08559900, 0.84959400
0.41486220, 0.40536000, 0.81459960
0.66416710, 0.16302370
0.33442100, -0.08559900, 0.84959400
0.41486220, 0.40536000, 0.81459960
0.96881070, 0.75140830
0.33389200, -0.05566400, 0.84149400
0.57830270, 0.44787710, 0.68188860
0.96875000, 0.73828130
0.35384600, -0.04668600, 0.53622100
0.06983869, -0.99522130, -0.06824308
0.51109390, 0.72979460
0.15458700, -0.05712900, 0.53622100
0.06979778, -0.99533540, -0.06660097
0.51109390, 0.79768500
0.32798300, -0.00520500, 0.79764600
0.57611440, 0.70901760, 0.40667720
0.96786240, 0.71912780
0.35562500, -0.08062300, -0.39843100
0.11802700, -0.51557820, -0.84867470
0.17929560, 0.72979470
0.21991700, -0.25459400, -0.37367100
0.15303750, -0.24006430, -0.95861810
0.18962960, 0.78086640
0.20995000, -0.06442200, -0.42735600
0.18777710, -0.75725610, -0.62554220
0.16879800, 0.78086640
0.34767300, -0.17154500, -0.37286900
0.16383950, -0.24280420, -0.95613950
0.18921150, 0.73427940
0.35527000, -0.07386500, 0.44004600
0.05435233, -0.87151600, 0.48734560
0.47717080, 0.72979460
0.15689400, -0.10114000, 0.42174500
0.09755991, -0.68694610, 0.72012990
0.47082330, 0.79768500
0.35384600, -0.04668600, 0.53622100
0.97854980, 0.20453360, 0.02462441
0.54223010, 0.15098630
0.32621900, 0.08633700, 0.39212300
0.80202530, 0.58805370, 0.10463440
0.50900950, 0.09809625
0.32753700, 0.06118700, 0.58338100
0.59958850, 0.78196560, 0.17036270
0.55942510, 0.10628900
0.35527000, -0.07386500, 0.44004600
0.98946190, 0.14200180, -0.02829508
0.50519790, 0.16302400
0.32621900, 0.08633700, 0.39212300
0.80202530, 0.58805370, 0.10463440
0.49389760, 0.46740900
0.35703500, -0.10752900, 0.40344500
0.05848844, -0.55143260, 0.83216660
0.46447590, 0.72979460
0.33486200, 0.07289800, 0.33844200
0.98199120, 0.17774550, 0.06402931
0.46430040, 0.10428090
0.35703500, -0.10752900, 0.40344500
0.99323980, 0.11378760, -0.02296045
0.49133980, 0.17706590
0.32575300, -0.22485300, 0.36545300
0.08873556, -0.30965190, 0.94670040
0.45204140, 0.74299420
0.16656000, -0.28558100, 0.36409600
0.10320930, -0.29180420, 0.95089330
0.45204140, 0.79768500
0.35694600, -0.10583600, 0.33810600
0.99245180, 0.12262180, 0.00182951
0.46597830, 0.17706590
0.33930000, -0.06295000, -0.84545100
0.49671290, 0.55246920, -0.66936840
0.66210940, 0.93164060
0.33183400, -0.16313400, -0.84574500
0.49513850, -0.50780000, -0.70496600
0.66796880, 0.98046880
0.32569300, -0.22370100, 0.32101200
0.35654240, -0.93395750, -0.02451370
0.43623950, 0.74299420
0.32575300, -0.22485300, 0.36545300
0.35650080, -0.93396890, -0.02468370
0.45204140, 0.74299420
0.35313300, -0.03308300, -0.45628200
0.13782350, -0.93397620, -0.32968650
0.15830040, 0.72979470
0.20825500, 0.28350500, 0.06258000
-0.09767759, 0.98785480, 0.12083880
0.34777130, 0.50515010
0.20614100, 0.30888000, -0.23772000
-0.04328008, 0.99888030, 0.01910673
0.23852470, 0.50516770
0.32494400, -0.20941500, -0.23695500
0.43526000, -0.90009340, -0.01950742
0.23784420, 0.74299420
0.32569300, -0.22370100, 0.32101200
0.83037600, -0.55698880, -0.01546707
0.46051570, 0.22426920
0.34786800, -0.17526300, -0.23609800
0.90579520, -0.42353250, -0.01246425
0.24393940, 0.21099860
0.34861600, -0.18954900, 0.32186900
0.90208900, -0.42612780, 0.06819512
0.46051660, 0.21092900
0.32494400, -0.20941500, -0.23695500
0.83037410, -0.55698070, -0.01585068
0.24455080, 0.22371100
0.32475100, -0.20572700, -0.37254700
0.42258120, -0.90597350, -0.02524285
0.18962960, 0.74299420
0.34767300, -0.17154500, -0.37286900
0.95082460, -0.30957570, -0.00977331
0.19084890, 0.21092770
0.32475100, -0.20572700, -0.37254700
0.83036160, -0.55698550, -0.01633230
0.19130530, 0.22426790
0.35562500, -0.08062300, -0.39843100
0.99609730, -0.08817970, -0.00381020
0.18002410, 0.17457970
0.35583700, -0.08467300, -0.24887300
0.99609880, -0.08816344, -0.00380066
0.23807800, 0.17465040
0.35583700, -0.08467300, -0.24887300
0.99245190, 0.12261960, 0.00191204
0.23807800, 0.17465040
0.35562500, -0.08062300, -0.39843100
0.99428670, 0.10423970, 0.02297829
0.18002410, 0.17457970
0.33375900, 0.09394900, -0.24421400
0.99214580, 0.12474290, 0.00927424
0.23807810, 0.10186540
0.35313300, -0.03308300, -0.45628200
0.99175260, 0.12727480, 0.01510079
0.15710480, 0.15590080
0.32475100, -0.20572700, -0.37254700
0.02197230, -0.02414945, -0.99946690
0.18962960, 0.74299420
0.35269300, -0.02469100, -0.56570900
0.14322660, -0.97532380, 0.16801670
0.11934000, 0.72979470
0.20931800, -0.05236100, -0.60198100
0.16594220, -0.85705890, 0.48776350
0.10663670, 0.78086640
0.33284800, 0.11133400, -0.56924700
0.98955600, 0.14404950, 0.00536459
0.11132810, 0.10156250
0.35269300, -0.02469100, -0.56570900
0.99133690, 0.13128540, -0.00391208
0.11457400, 0.15364640
0.33229400, 0.12189900, -0.76677600
0.91752050, 0.18511830, -0.35197630
0.03515625, 0.10156250
0.20736100, 0.28559700, -0.58650600
-0.00282929, 0.99777480, -0.06661451
0.11212990, 0.50516770
0.35480000, -0.06489200, -0.63825400
0.04576263, -0.87319840, 0.48521150
0.09393343, 0.72979470
0.35480000, -0.06489200, -0.63825400
0.99419610, 0.10558360, -0.02064670
0.08683898, 0.17071840
0.35480000, -0.06489200, -0.63825400
0.19354650, -0.37601220, 0.90617580
0.09393343, 0.72979470
0.34753600, -0.16894000, -0.67987600
0.12683680, -0.44272150, 0.88764300
0.08009803, 0.73427940
0.21629400, -0.18547700, -0.68012700
0.06172407, -0.50288470, 0.86214690
0.08009803, 0.78086640
0.35247500, -0.05779400, -0.80617600
0.87248160, 0.25333420, -0.41784870
0.02163020, 0.16956240
0.35480000, -0.06489200, -0.63825400
1.00000000, 0.00000000, 0.00000000
0.08683898, 0.17071840
0.34588100, -0.17462400, -0.79908900
0.09001135, -0.99591480, 0.00719114
0.03778955, 0.73496820
0.34753600, -0.16894000, -0.67987600
0.12480610, -0.99113600, 0.04552954
0.08009803, 0.73427940
0.34753600, -0.16894000, -0.67987600
0.99804930, -0.06074108, -0.01442345
0.07173574, 0.21309800
0.34588100, -0.17462400, -0.79908900
0.87963030, -0.42024730, -0.22280620
0.02555002, 0.21661600
0.35480000, -0.06489200, -0.63825400
0.99787280, -0.06307264, -0.01648217
0.08683898, 0.17071840
0.30445000, 0.12048100, -0.79410700
0.39976520, 0.79926310, -0.44873850
0.02539063, 0.10156250
0.20736100, 0.28559700, -0.58650600
0.79780510, 0.60170320, -0.03821520
0.10331140, 0.02524555
0.33229400, 0.12189900, -0.76677600
0.56876000, 0.76547340, -0.30093620
0.03515625, 0.10156250
0.33284800, 0.11133400, -0.56924700
0.82221470, 0.56913730, 0.00675995
0.11132810, 0.10156250
0.20614100, 0.30888000, -0.23772000
0.84326330, 0.53749690, 0.00201193
0.23836950, 0.01213348
0.33375900, 0.09394900, -0.24421400
0.85991330, 0.50983430, 0.02485866
0.23807810, 0.10186540
0.32953200, -0.05895400, -0.80780800
-0.04305293, 0.99227220, -0.11637160
0.66601560, 0.93164060
-0.01341500, -0.07645000, -0.82616200
-0.05221902, 0.99223110, -0.11291820
0.82031250, 0.93164060
0.34588100, -0.17462400, -0.79908900
0.87963030, -0.42024730, -0.22280620
0.66210940, 0.98437500
0.33930000, -0.06295000, -0.84545100
0.49671290, 0.55246920, -0.66936840
0.00644040, 0.17178210
0.33183400, -0.16313400, -0.84574500
0.49513850, -0.50780000, -0.70496600
0.00732920, 0.21216000
0.35694600, -0.10583600, 0.33810600
0.99515280, -0.09826396, -0.00389755
0.46597830, 0.17706590
0.35703500, -0.10752900, 0.40344500
0.97942520, -0.18367600, 0.08360253
0.49133980, 0.17706590
0.32575300, -0.22485300, 0.36545300
0.89838340, -0.41892470, 0.13194460
0.47776590, 0.22426920
0.16656000, -0.28558100, 0.36409600
0.99862950, 0.05233609, 0.00000014
0.45204140, 0.79768500
0.15689400, -0.10114000, 0.42174500
0.99862950, 0.05233611, 0.00000018
0.47082330, 0.79768500
0.16639300, -0.28239800, 0.52049000
0.99862950, 0.05233611, 0.00000015
0.50758370, 0.79768500
0.15458700, -0.05712900, 0.53622100
0.99862950, 0.05233613, 0.00000017
0.51109390, 0.79768500
0.15718100, -0.10661000, 0.63290000
0.99862950, 0.05233614, 0.00000014
0.54590390, 0.79768500
0.16424200, -0.24134800, 0.67444800
0.99862950, 0.05233614, 0.00000013
0.56191120, 0.79768500
0.21629400, -0.18547700, -0.68012700
0.99862950, 0.05233615, 0.00000013
0.08009803, 0.78086640
0.20931800, -0.05236100, -0.60198100
0.99862950, 0.05233616, 0.00000015
0.10663670, 0.78086640
0.21897900, -0.23670000, -0.52687900
0.99862950, 0.05233615, 0.00000020
0.13502490, 0.78086640
0.20995000, -0.06442200, -0.42735600
0.99862950, 0.05233615, 0.00000022
0.16879800, 0.78086640
0.21991700, -0.25459400, -0.37367100
0.99862950, 0.05233611, 0.00000028
0.18962960, 0.78086640
-0.38011300, -0.11694500, 0.61477100
-0.99376260, 0.08476919, 0.07245761
0.57301900, 0.38509630
-0.36038900, -0.04128100, 0.79764600
-0.64584400, 0.64466330, 0.40901690
0.64320520, 0.35297980
-0.36099300, -0.09208100, 0.84149400
-0.62197410, 0.38496940, 0.68187000
0.66072390, 0.37305900
0.35550800, -0.07839200, 0.61477100
0.96301640, 0.22597930, 0.14674050
0.57301900, 0.16302370
0.32798300, -0.00520500, 0.79764600
0.57611440, 0.70901760, 0.40667720
0.64320520, 0.13090720
0.33389200, -0.05566400, 0.84149400
0.57830270, 0.44787710, 0.68188860
0.66072390, 0.15098630
0.32953200, -0.05895400, -0.80780800
-0.04305293, 0.99227220, -0.11637160
0.02099661, 0.16956240
-0.35631100, -0.09490700, -0.80742900
-0.05967702, 0.99152180, -0.11542590
0.97460940, 0.93164060
-0.35012500, 0.08617600, -0.79410700
-0.65828810, 0.15394110, -0.73685750
0.02539063, 0.32363520
-0.35308900, -0.00060300, -0.80049100
-0.05858419, 0.07456805, -0.99549360
0.02328492, 0.35622220
0.32953200, -0.05895400, -0.80780800
0.05819174, 0.08409131, -0.99475750
0.02099661, 0.16956240
0.31642500, 0.03481200, -0.80064800
0.06068964, 0.08363771, -0.99464640
0.02329276, 0.13402830
0.20857900, -0.26789900, -0.23831200
0.25427430, -0.96621080, -0.04220572
0.23784420, 0.78511020
0.07720000, 0.09988200, 0.25639500
-0.54138590, 0.77660550, 0.32215690
0.72903830, 0.04162425
0.17363900, 0.08575800, 0.26126000
-0.07376255, -0.53203390, 0.84350400
0.76120630, 0.04346019
0.18184400, 0.10536600, 0.25639500
0.45724360, 0.82894020, 0.32215900
0.76430950, 0.04162425
0.08740900, 0.08123900, 0.26126000
0.12897010, -0.52140810, 0.84350480
0.73214150, 0.04346019
0.17318600, 0.09440600, 0.23965000
-0.11188840, 0.19546960, -0.97430620
0.76120630, 0.03598422
0.08695600, 0.08988700, 0.23965000
0.09084382, 0.20609230, -0.97430660
0.73214150, 0.03598422
0.22038700, 0.01869900, 0.23344200
-0.18366800, -0.37437580, 0.90890530
0.77573870, 0.03455257
0.23857400, 0.02398900, 0.22263700
0.99862950, 0.05233602, 0.00000036
0.78194510, 0.03081453
0.21993400, 0.02734800, 0.21183200
-0.22179440, 0.35312570, -0.90890570
0.77573870, 0.02707654
0.18090500, -0.05287800, 0.20562500
-0.09084303, -0.20609210, 0.97430670
0.76120630, 0.02564490
0.19066100, -0.06287300, 0.18887900
0.54138630, -0.77660480, -0.32215820
0.76430950, 0.02000481
0.18045200, -0.04422900, 0.18401400
-0.12897050, 0.52140960, -0.84350380
0.76120630, 0.01816893
0.09467500, -0.05739700, 0.20562500
0.11188720, -0.19546860, 0.97430660
0.73214140, 0.02564490
0.08601800, -0.06835700, 0.18887900
-0.45724330, -0.82894050, -0.32215880
0.72903830, 0.02000481
0.09422200, -0.04874900, 0.18401400
0.07376126, 0.53203440, -0.84350380
0.73214140, 0.01816893
0.04792700, 0.00966100, 0.23344200
0.22179500, -0.35312640, 0.90890520
0.71760900, 0.03455257
0.02928700, 0.01302000, 0.22263700
-0.99862950, -0.05233618, 0.00000070
0.71140260, 0.03081453
0.04747400, 0.01831000, 0.21183200
0.18366780, 0.37437530, -0.90890550
0.71760900, 0.02707660
0.12148400, 0.01888300, 0.21992200
-0.82647440, 0.16901260, -0.53700540
0.74249680, 0.02987593
0.14607400, 0.02017200, 0.21992200
0.80428040, 0.25447680, -0.53700520
0.75078510, 0.02987593
0.13437800, 0.00809200, 0.21540000
0.02864904, -0.54663660, -0.83687970
0.74664100, 0.02842927
0.13318000, 0.03096300, 0.22444500
-0.05084268, 0.97014920, -0.23711950
0.74664100, 0.03132260
0.12517400, -0.05151700, 0.39848800
-0.99863240, -0.05228085, 0.00002113
0.74249680, 0.09163976
0.13686900, -0.03943700, 0.40301100
-0.04867952, 0.92886330, 0.36721010
0.74664100, 0.09308648
0.14976300, -0.05022800, 0.39848800
0.99862660, 0.05239100, 0.00002262
0.75078510, 0.09163976
0.13806800, -0.06230700, 0.39396600
0.04867968, -0.92886330, -0.36721000
0.74664100, 0.09019303
-0.27764300, 0.08391600, -0.07648400
-0.59432230, 0.52447500, 0.60967770
0.75626420, 0.48439830
0.23201300, 0.12190600, -0.13180400
0.57195870, 0.80690710, 0.14752740
0.94847550, 0.46985440
-0.27823200, 0.09516500, -0.13180400
-0.65845600, 0.73612490, 0.15670300
0.74823350, 0.46985390
0.23260300, 0.11065700, -0.07648400
0.52745000, 0.58916440, 0.61211250
0.94044320, 0.48439880
-0.28525800, -0.25832300, 0.18478000
-0.66484140, 0.09105169, 0.74141460
0.74409780, 0.69239760
0.27200500, -0.15363200, 0.17199700
0.55545660, 0.64091080, 0.52981250
0.95260230, 0.66403030
-0.28920300, -0.18304400, 0.17199700
-0.61940800, 0.57933850, 0.52981200
0.74409930, 0.66403000
0.27595000, -0.22891100, 0.18478000
0.65168180, 0.16004770, 0.74141450
0.95260230, 0.69239810
-0.28951400, -0.17710500, -0.05720200
-0.91492510, 0.32282890, 0.24226760
0.74407030, 0.57896360
0.27169400, -0.14769300, -0.05720100
0.87617460, 0.40756510, 0.25731080
0.95263220, 0.57896450
0.27554300, -0.22115100, -0.11472200
0.99586480, 0.08230570, -0.03845774
0.98031360, 0.59874300
0.27554300, -0.22115100, -0.11472200
0.00258931, -0.04940404, -0.99877550
0.58283070, 0.08831573
-0.27823200, 0.09516500, -0.13180400
0.00258932, -0.04940404, -0.99877550
0.69623670, 0.00896919
0.23201300, 0.12190600, -0.13180400
0.00258931, -0.04940404, -0.99877550
0.58822460, 0.00896919
-0.28566500, -0.25056300, -0.11472200
0.00258932, -0.04940403, -0.99877550
0.70163070, 0.08831573
-0.28566500, -0.25056300, -0.11472200
-0.99921360, -0.01507653, -0.03667269
0.71638750, 0.59874060
0.27554300, -0.22115100, -0.11472200
0.99586480, 0.08230570, -0.03845774
0.98047600, 0.55834850
0.27595000, -0.22891100, 0.18478000
0.65168180, 0.16004770, 0.74141450
0.98043590, 0.66950670
-0.28525800, -0.25832300, 0.18478000
-0.66484140, 0.09105169, 0.74141460
0.71626590, 0.66950600
-0.28566500, -0.25056300, -0.11472200
-0.99921360, -0.01507653, -0.03667269
0.71622630, 0.55834780
-0.21649900, 0.09682000, -0.44979900
-0.59972790, 0.51953890, 0.60860970
0.75626420, 0.48439830
0.16985500, 0.12834700, -0.50511900
0.57826260, 0.80192610, 0.15009010
0.94847550, 0.46985440
-0.21708800, 0.10806900, -0.50511900
-0.66227190, 0.73282820, 0.15607280
0.74823350, 0.46985390
0.17044500, 0.11709900, -0.44979900
0.53650460, 0.58295520, 0.61018530
0.94044320, 0.48439880
-0.23253400, -0.25456000, -0.24248000
-0.67726650, -0.03659116, 0.73482730
0.74409780, 0.69239760
0.22355700, -0.14529900, -0.24643700
0.60491190, 0.58248800, 0.54294500
0.95260230, 0.66403030
-0.24420300, -0.16981300, -0.24643800
-0.67378320, 0.51509640, 0.52980360
0.74409930, 0.66403000
0.21891100, -0.23091700, -0.24186100
0.65432970, 0.00490964, 0.75619340
0.95260230, 0.69239810
-0.22221200, -0.16387800, -0.43051600
-0.90816420, 0.34494390, 0.23717390
0.74407030, 0.57896360
0.20337800, -0.14157400, -0.43051600
0.85742530, 0.46177620, 0.22712240
0.95263220, 0.57896450
0.20637500, -0.19875800, -0.48761400
0.99318140, 0.09127497, -0.07252266
0.98031360, 0.59874300
0.20637500, -0.19875800, -0.48761400
0.00278448, -0.05312755, -0.99858390
0.58283070, 0.08831573
-0.21708800, 0.10806900, -0.50511900
0.00278450, -0.05312751, -0.99858390
0.69623670, 0.00896919
0.16985500, 0.12834700, -0.50511900
0.00278441, -0.05312765, -0.99858390
0.58822460, 0.00896919
-0.21921500, -0.22106300, -0.48761400
0.00278457, -0.05312743, -0.99858390
0.70163070, 0.08831573
-0.21921500, -0.22106300, -0.48761400
-0.99854580, 0.00789475, -0.05332891
0.71638750, 0.59874060
0.20637500, -0.19875800, -0.48761400
0.99318140, 0.09127497, -0.07252266
0.98047600, 0.55834850
0.21891100, -0.23091700, -0.24186100
0.65432970, 0.00490964, 0.75619340
0.98043590, 0.66950670
-0.23253400, -0.25456000, -0.24248000
-0.67726650, -0.03659116, 0.73482730
0.71626590, 0.66950600
-0.21921500, -0.22106300, -0.48761400
-0.99854580, 0.00789475, -0.05332891
0.71622630, 0.55834780
-0.03250400, 0.24644400, 0.10499600
-0.12993700, 0.84078840, 0.52553900
0.36301670, 0.58821320
-0.24156300, 0.20493700, 0.08552100
-0.21264210, 0.82627400, 0.52158860
0.35746590, 0.66749440
-0.03190500, 0.23501900, 0.12327800
-0.13468450, 0.83828830, 0.52833010
0.37045370, 0.58821320
-0.25303600, 0.21646400, 0.06258000
-0.17807360, 0.86420510, 0.47057330
0.35067420, 0.67203270
-0.02090100, 0.06640200, 0.45922400
-0.04437436, 0.84681500, 0.53003320
0.50711790, 0.58821320
0.30492900, 0.09440500, 0.38081000
0.05055477, 0.85537360, 0.51553880
0.48622230, 0.47484240
-0.02147500, 0.07735300, 0.44170200
-0.04433649, 0.84651740, 0.53051160
0.49998970, 0.58821320
0.32621900, 0.08633700, 0.39212300
0.41128450, 0.83680460, 0.36139070
0.49389760, 0.46740900
-0.37539500, 0.03567500, 0.33844200
-0.84693960, 0.53096780, -0.02768810
0.46430040, 0.32635350
-0.36820500, 0.04994400, 0.39212300
-0.47170430, 0.83141020, 0.29368690
0.50879990, 0.32005730
-0.25303600, 0.21646400, 0.06258000
-0.17807360, 0.86420510, 0.47057330
0.36440400, 0.24313590
0.33486200, 0.07289800, 0.33844200
0.85311070, 0.52168630, 0.00674667
0.46430040, 0.10428090
0.20825500, 0.28350500, 0.06258000
0.06857654, 0.89388100, 0.44302820
0.35503110, 0.01607025
0.32621900, 0.08633700, 0.39212300
0.41128450, 0.83680460, 0.36139070
0.51026170, 0.09574556
-0.36607800, 0.03313500, 0.32667400
0.84044610, -0.54095910, 0.03183858
0.80622560, 0.29846100
-0.24619500, 0.20392200, 0.06391700
0.77607870, 0.40992870, 0.47922880
0.83397560, 0.23154940
-0.35906400, 0.04686800, 0.37487500
0.93580050, 0.02386322, 0.35172150
0.80811880, 0.32583890
0.32586100, 0.06939800, 0.32667400
-0.84891220, -0.52849500, -0.00641434
0.97608500, 0.29846100
0.31745100, 0.08232300, 0.37487500
-0.94597100, -0.02938783, 0.32291670
0.97419180, 0.32583890
0.20276300, 0.27031800, 0.06391700
-0.80043900, 0.33446530, 0.49742380
0.94833500, 0.23154940
-0.36820500, 0.04994400, 0.39212300
0.87242160, 0.22903100, 0.43177010
0.80592070, 0.33011670
-0.25303600, 0.21646400, 0.06258000
0.74211470, 0.45702990, 0.49029520
0.83246200, 0.23113270
-0.25303600, 0.21646400, 0.06258000
-0.68210400, -0.43070590, -0.59095400
0.83246200, 0.23113270
-0.36607800, 0.03313500, 0.32667400
-0.77531980, -0.31253180, -0.54881980
0.80622560, 0.29846100
-0.37539500, 0.03567500, 0.33844200
-0.77675240, -0.31043980, -0.54798080
0.80397730, 0.30137570
-0.24619500, 0.20392200, 0.06391700
-0.67943190, -0.43366710, -0.59186580
0.83397560, 0.23154940
0.33486200, 0.07289800, 0.33844200
0.80186360, -0.23019080, -0.55138650
0.97833340, 0.30137570
0.20276300, 0.27031800, 0.06391700
0.71569880, -0.35635610, -0.60065420
0.94833500, 0.23154940
0.20825500, 0.28350500, 0.06258000
0.71412620, -0.35835600, -0.60133580
0.94984860, 0.23113270
0.32586100, 0.06939800, 0.32667400
0.80509810, -0.22464520, -0.54895500
0.97608500, 0.29846100
0.20825500, 0.28350500, 0.06258000
-0.77798950, 0.36809340, 0.50915580
0.94984860, 0.23113270
0.32621900, 0.08633700, 0.39212300
-0.89436250, 0.16190270, 0.41701710
0.97638990, 0.33011670
-0.25303600, 0.21646400, 0.06258000
-0.17807360, 0.86420510, 0.47057330
0.35647470, 0.67354490
-0.33909700, 0.06052700, 0.38265700
-0.19776550, 0.90112050, 0.38583760
0.48668190, 0.69853810
-0.24156300, 0.20493700, 0.08552100
0.01781353, 0.89695100, 0.44177090
0.35746580, 0.66749440
-0.36820500, 0.04994400, 0.39212300
-0.47170430, 0.83141020, 0.29368690
0.49142630, 0.70859100
0.30492900, 0.09440500, 0.38081000
0.06515514, 0.86641640, 0.49505300
0.48622230, 0.47484250
0.20825500, 0.28350500, 0.06258000
0.06857654, 0.89388100, 0.44302820
0.34777330, 0.50553940
0.18880400, 0.27338000, 0.08259000
0.05986573, 0.86601500, 0.49642130
0.35606500, 0.51208890
0.32621900, 0.08633700, 0.39212300
0.41128450, 0.83680460, 0.36139070
0.49180100, 0.46759720
0.18880400, 0.27338000, 0.08259000
-0.07082215, 0.91407440, 0.39931470
0.35606500, 0.51208890
0.20825500, 0.28350500, 0.06258000
0.06857654, 0.89388100, 0.44302820
0.34777130, 0.50515010
-0.33909700, 0.06052700, 0.38265700
-0.13975120, 0.84515610, 0.51592710
0.48668200, 0.69853800
-0.36820500, 0.04994400, 0.39212300
-0.47170430, 0.83141020, 0.29368690
0.49357760, 0.70903610
-0.35396400, -0.11415200, -0.37526700
-0.19222670, 0.69776460, 0.69005320
0.80730160, 0.12438280
-0.22805500, -0.25899300, -0.24543100
0.28628580, 0.81991650, 0.49575930
0.83626720, 0.15773670
-0.22924700, -0.10761600, -0.37526700
-0.04045442, 0.77191420, 0.63443820
0.83791730, 0.12438280
-0.32771000, -0.23956200, -0.35084900
0.23745650, 0.59704370, 0.76625930
0.81211970, 0.13129080
-0.01992800, 0.04783700, 0.27635500
0.02991877, -0.57088210, -0.82048670
0.89115530, 0.28593570
-0.36935800, -0.14068200, 0.38857700
0.65479270, 0.00974735, -0.75574570
0.80319270, 0.31501890
-0.35821100, 0.03057800, 0.25826000
-0.50470470, -0.50172360, -0.70252870
0.80811880, 0.28142070
-0.01103300, -0.12190300, 0.38857700
0.01033614, -0.05973297, -0.99816090
0.89115530, 0.31501890
-0.35906400, 0.04686800, 0.37487500
-0.62704070, -0.02247308, -0.77866230
0.80811880, 0.32583890
-0.35821100, 0.03057800, 0.25826000
-0.02987913, 0.99150470, -0.12659260
0.80811880, 0.28142070
-0.02090100, 0.06640200, 0.45922400
-0.05200520, 0.99231470, -0.11228110
0.89115530, 0.34063580
-0.01992800, 0.04783700, 0.27635500
-0.05206777, 0.99350900, -0.10113770
0.89115530, 0.28593570
-0.35906400, 0.04686800, 0.37487500
-0.01711814, 0.98697900, -0.15993560
0.80811880, 0.32583890
-0.36607800, 0.03313500, 0.32667400
0.99312960, -0.05543974, -0.10305380
0.80622560, 0.29846100
-0.32677300, -0.25744800, 0.33929400
0.23691900, 0.34786620, -0.90711550
0.81211970, 0.30349850
-0.23695900, -0.27480700, 0.35158800
0.11247450, 0.07352965, -0.99093030
0.83388440, 0.30670670
-0.01103300, -0.12190300, 0.38857700
1.00000000, 0.00000000, 0.00000000
0.89115530, 0.31501890
-0.36944200, -0.13906900, 0.32633700
0.98810510, 0.15375710, 0.00264213
0.80319260, 0.29948850
-0.24619500, 0.20392200, 0.06391700
-0.03790865, -0.73849110, 0.67319670
0.83397560, 0.23154940
-0.03273900, 0.28221000, -0.22189200
0.07218312, -0.99591610, -0.05422825
0.89115530, 0.16011090
-0.03250400, 0.24644400, 0.10499600
0.14797700, -0.98659640, -0.06877724
0.89115530, 0.24165180
-0.26516400, 0.27048500, -0.22214100
0.05941535, -0.99393460, -0.09254048
0.83397560, 0.16011090
-0.32752600, -0.24307600, -0.22168700
0.68316160, 0.72812880, 0.05584639
0.81211970, 0.16352110
-0.35396400, -0.11415200, -0.37526700
0.99144790, 0.11983900, 0.05166954
0.80730160, 0.12438280
-0.37050000, -0.11888800, -0.23280300
0.97934200, 0.16341110, 0.11910550
0.80319270, 0.15993230
-0.36713000, 0.05320900, -0.22834800
0.96205170, -0.24772250, 0.11441200
0.80622560, 0.15993240
-0.35848200, -0.02793700, -0.52418300
-0.05181489, 0.98868590, 0.14076730
0.80730170, 0.08669108
-0.21980700, -0.02066900, -0.52418300
-0.05578738, 0.99842540, 0.00587261
0.84134390, 0.08669108
-0.03162500, 0.27102000, -0.59459800
0.05227168, -0.99739500, 0.04970789
0.89115530, 0.06731164
-0.26402400, 0.24874100, -0.57580900
0.10016290, -0.99307620, 0.06137628
0.83397560, 0.07206225
-0.34143700, 0.08190000, -0.77358100
0.97569960, -0.21718920, -0.02896762
0.81288370, 0.02379823
-0.35848200, -0.02793700, -0.52418300
0.97362670, -0.22788090, 0.01101031
0.80730170, 0.08669108
-0.35880700, -0.09188400, -0.78569100
0.99460460, -0.10104810, 0.02347399
0.80640170, 0.02189529
-0.26402400, 0.24874100, -0.57580900
0.94497160, -0.32649130, -0.02078965
0.83397560, 0.07206225
-0.26516400, 0.27048500, -0.22214100
0.92407300, -0.37307270, 0.08310165
0.83397560, 0.16011090
-0.22805500, -0.25899300, -0.24543100
0.01304943, 0.99805620, 0.06093808
0.83626720, 0.15773670
0.21069500, -0.20321700, -0.50195200
-0.05191466, 0.99059540, 0.12659220
0.94439330, 0.09355968
-0.22304600, -0.22594900, -0.50195200
-0.05191510, 0.99059550, 0.12659150
0.83791730, 0.09355968
0.21681500, -0.23567800, -0.24543400
-0.11592050, 0.99141520, 0.06048411
0.94547520, 0.15773600
0.32920900, -0.07834900, -0.37526700
0.11771420, 0.71309700, 0.69111220
0.97500900, 0.12438270
0.21681500, -0.23567800, -0.24543400
-0.37152250, 0.78517640, 0.49544840
0.94547520, 0.15773600
0.31620900, -0.20581600, -0.35084900
-0.30380470, 0.56957830, 0.76372980
0.97019090, 0.13129090
0.20449600, -0.08488500, -0.37526700
-0.04043321, 0.77150600, 0.63493600
0.94439390, 0.12438280
-0.01103300, -0.12190300, 0.38857700
0.01778759, -0.33941160, -0.94046970
0.89115530, 0.31501890
0.34729200, -0.10312400, 0.38857700
-0.66284410, -0.07930948, -0.74454530
0.97911790, 0.31501880
0.31830400, 0.06603300, 0.25826000
0.55438500, -0.44621820, -0.70252870
0.97419180, 0.28142070
0.31745100, 0.08232300, 0.37487500
0.62595420, 0.04319484, -0.77866270
0.97419180, 0.32583890
0.31830400, 0.06603300, 0.25826000
-0.07392535, 0.98919630, -0.12659260
0.97419180, 0.28142070
0.31745100, 0.08232300, 0.37487500
-0.08614328, 0.98336160, -0.15993530
0.97419180, 0.32583890
0.32586100, 0.06939800, 0.32667400
-0.98189410, -0.15894660, -0.10305360
0.97608500, 0.29846100
0.18801800, -0.25253500, 0.35158800
-0.04558428, 0.28558190, -0.95726950
0.93820910, 0.30670670
0.34720700, -0.10151100, 0.32633800
-0.99876420, 0.04962898, 0.00264311
0.97911790, 0.29948850
0.20276300, 0.27031800, 0.06391700
0.18582990, -0.65440380, 0.73295490
0.94833500, 0.23154940
0.20069000, 0.29489900, -0.22214100
0.04531948, -0.99872230, -0.02235795
0.94833500, 0.16011090
0.31639300, -0.20932900, -0.22168700
-0.75330040, 0.65529600, 0.05590844
0.97019090, 0.16352110
0.32920900, -0.07834900, -0.37526700
-0.99854320, 0.01554825, 0.05166986
0.97500900, 0.12438270
0.34615000, -0.08133000, -0.23280300
-0.99105790, 0.06014625, 0.11910730
0.97911790, 0.15993230
0.32481000, 0.08947300, -0.22834800
-0.93088740, -0.34692720, 0.11441220
0.97608500, 0.15993240
0.32469100, 0.00786700, -0.52418300
-0.05181429, 0.98867320, 0.14085670
0.97500900, 0.08669114
0.18601800, 0.00060000, -0.52418300
-0.04891849, 0.99878510, 0.00593848
0.94096730, 0.08669108
0.20183000, 0.27315600, -0.57580900
0.00419089, -0.99810590, 0.06137633
0.94833500, 0.07206225
0.32469100, 0.00786700, -0.52418300
-0.94446950, -0.32841460, 0.01100869
0.97500900, 0.08669114
0.29625700, 0.11532000, -0.77358100
-0.94766350, -0.31795580, -0.02894840
0.96942670, 0.02379823
0.33169800, -0.05569100, -0.78587200
-0.97858690, -0.20449280, 0.02346292
0.97590900, 0.02185023
0.20183000, 0.27315600, -0.57580900
-0.90566730, -0.42347910, -0.02078818
0.94833500, 0.07206225
0.20069000, 0.29489900, -0.22214100
-0.88001400, -0.46762110, 0.08310136
0.94833500, 0.16011090
0.31714600, -0.22370100, 0.33929400
-0.38006790, 0.42978720, -0.81904300
0.97019090, 0.30349850
-0.36820500, 0.04994400, 0.39212300
-0.01153893, 0.98333100, -0.18145830
0.80592070, 0.33011670
-0.37539500, 0.03567500, 0.33844200
-0.78264680, 0.01644053, -0.62224890
0.80397730, 0.30137570
-0.36944200, -0.13906900, 0.32633700
-0.75231700, -0.12449050, -0.64693220
0.80319260, 0.29948850
-0.37867500, -0.14438900, 0.33810600
-0.66530950, -0.14722710, -0.73190680
0.80086400, 0.30245440
-0.36607800, 0.03313500, 0.32667400
-0.78216690, 0.01649855, -0.62285050
0.80622560, 0.29846100
-0.32677300, -0.25744800, 0.33929400
0.67921850, 0.66733320, -0.30549750
0.81211970, 0.30349850
-0.36164100, -0.22677300, 0.32186800
0.70689170, 0.55295760, -0.44106920
0.80397730, 0.29894340
-0.32752600, -0.24307600, -0.22168700
0.55795900, 0.77531550, 0.29591830
0.81211970, 0.16352110
-0.36238900, -0.21248600, -0.23609800
-0.15007780, 0.32379590, 0.93414820
0.80397730, 0.15971800
-0.37050000, -0.11888800, -0.23280300
-0.83739140, -0.03986655, 0.54514800
0.80319270, 0.15993230
-0.37978400, -0.12322600, -0.24887300
-0.85892120, -0.04859821, 0.50979670
0.80086400, 0.15595000
-0.36713000, 0.05320900, -0.22834800
-0.83107380, 0.17289100, 0.52860680
0.80622560, 0.15993240
-0.37649800, 0.05672600, -0.24421400
-0.82711240, 0.18268760, 0.53151700
0.80397730, 0.15595010
-0.26516400, 0.27048500, -0.22214100
-0.94799820, -0.18064480, 0.26204370
0.83397560, 0.16011090
-0.27204600, 0.28381900, -0.23772100
-0.89286060, 0.06135818, 0.44613350
0.83246200, 0.15613750
-0.24619500, 0.20392200, 0.06391700
-0.87376630, -0.48343120, -0.05316688
0.83397560, 0.23154940
-0.25303600, 0.21646400, 0.06258000
-0.87429740, -0.48250200, -0.05287528
0.83246200, 0.23113270
-0.25303600, 0.21646400, 0.06258000
-0.18907750, 0.00153752, 0.98196100
0.83246200, 0.23113270
0.20825500, 0.28350500, 0.06258000
0.16902830, 0.02947763, 0.98517030
0.94984860, 0.23113270
0.20825500, 0.28350500, 0.06258000
0.92079900, -0.38798200, -0.03999009
0.94984860, 0.23113270
0.20069000, 0.29489900, -0.22214100
0.95591920, -0.05002220, 0.28933760
0.94833500, 0.16011090
0.20614100, 0.30888000, -0.23772000
0.90243670, 0.11591290, 0.41493630
0.94984860, 0.15613750
0.20276300, 0.27031800, 0.06391700
0.92096510, -0.38758880, -0.03997876
0.94833500, 0.23154940
0.32481000, 0.08947300, -0.22834800
0.80821560, 0.25586550, 0.53039640
0.97608500, 0.15993240
0.33375900, 0.09394900, -0.24421400
0.80567230, 0.26632310, 0.52911640
0.97833340, 0.15595010
0.34615000, -0.08133000, -0.23280300
0.85440980, -0.01846286, 0.51927160
0.97911790, 0.15993230
0.35583700, -0.08467300, -0.24887300
0.82617830, -0.02163585, 0.56299320
0.98144660, 0.15595000
0.31639300, -0.20932900, -0.22168700
-0.62163540, 0.72806160, 0.28895630
0.97019090, 0.16352110
0.34786800, -0.17526300, -0.23609800
-0.04809568, 0.42652030, 0.90319840
0.97833340, 0.15971800
0.31714600, -0.22370100, 0.33929400
-0.77287050, 0.55831380, -0.30159060
0.97019090, 0.30349850
0.34861600, -0.18954900, 0.32186900
-0.70304660, 0.40567940, -0.58408020
0.97833340, 0.29894340
0.34720700, -0.10151100, 0.32633800
0.72276000, 0.07878047, -0.68659420
0.97911790, 0.29948850
0.35694600, -0.10583600, 0.33810600
0.78051080, 0.06767366, -0.62146850
0.98144660, 0.30245440
0.32586100, 0.06939800, 0.32667400
0.77678320, 0.09719978, -0.62222190
0.97608500, 0.29846100
0.33486200, 0.07289800, 0.33844200
0.77640130, 0.09709995, -0.62271390
0.97833340, 0.30137570
0.32621900, 0.08633700, 0.39212300
-0.09131049, 0.97915040, -0.18145760
0.97638990, 0.33011670
0.35480000, -0.06489200, -0.63825400
-0.82977440, -0.54985210, 0.09558798
0.98144660, 0.05872703
0.33169800, -0.05569100, -0.78587200
-0.10817430, -0.99223800, 0.06133489
0.97590900, 0.02185023
0.35247500, -0.05779400, -0.80617600
-0.04757800, -0.99738440, 0.05441127
0.98096840, 0.01680803
0.32469100, 0.00786700, -0.52418300
-0.85287050, -0.51215140, 0.10155240
0.97500900, 0.08669114
-0.01357900, -0.07331200, -0.80413300
0.05171210, -0.98861550, 0.14129860
0.89115530, 0.01729357
-0.01341500, -0.07645000, -0.82616200
0.05171796, -0.98861840, 0.14127590
0.89115530, 0.01182079
-0.35880700, -0.09188400, -0.78569100
0.01200274, -0.98132910, 0.19196090
0.80640170, 0.02189529
-0.37925000, -0.09614200, -0.80617600
0.18590520, -0.96698830, 0.17427830
0.80134220, 0.01680803
-0.35848200, -0.02793700, -0.52418300
0.89587570, -0.44240680, 0.04102327
0.80730170, 0.08669108
-0.38082100, -0.10344500, -0.63825400
0.96020120, -0.27929120, -0.00316693
0.80086400, 0.05872703
-0.32677300, -0.25744800, 0.33929400
0.18368630, 0.98257410, 0.02841502
0.81211970, 0.30349850
-0.23695900, -0.27480700, 0.35158800
0.06296385, 0.99764060, 0.02736535
0.83388440, 0.30670670
-0.32752600, -0.24307600, -0.22168700
0.16378210, 0.98617860, 0.02504509
0.81211970, 0.16352110
0.31714600, -0.22370100, 0.33929400
-0.22107520, 0.97509140, 0.01796078
0.97019090, 0.30349850
0.31639300, -0.20932900, -0.22168700
-0.26130350, 0.96493100, 0.02507149
0.97019090, 0.16352110
0.18801800, -0.25253500, 0.35158800
-0.12951260, 0.99133930, 0.02174349
0.93820910, 0.30670670
-0.22304600, -0.22594900, -0.50195200
0.75140290, 0.07419664, 0.65565880
0.83791730, 0.09355968
-0.22924700, -0.10761600, -0.37526700
0.99918620, 0.01074246, 0.03887837
0.83791730, 0.12438280
-0.21980700, -0.02066900, -0.52418300
0.47933780, 0.08701105, 0.87330660
0.84134390, 0.08669108
0.20449600, -0.08488500, -0.37526700
-0.99541840, -0.08914970, 0.03456295
0.94439390, 0.12438280
0.21069500, -0.20321700, -0.50195200
-0.75658580, -0.00162838, 0.65389250
0.94439330, 0.09355968
0.18601800, 0.00060000, -0.52418300
-0.48580840, 0.03643526, 0.87330560
0.94096730, 0.08669108
0.33169800, -0.05569100, -0.78587200
-0.04139961, 0.97181310, -0.23208930
0.97590900, 0.02185023
-0.01357900, -0.07331200, -0.80413300
-0.05101699, 0.97271670, -0.22631730
0.89115530, 0.01729345
-0.35880700, -0.09188400, -0.78569100
-0.06050422, 0.97078270, -0.23220720
0.80640170, 0.02189529
0.31642500, 0.03481200, -0.80064800
0.06068964, 0.08363771, -0.99464640
0.67009810, 0.88775350
-0.01341500, -0.07645000, -0.82616200
-0.00391914, 0.06878994, -0.99762340
0.82031250, 0.93164060
-0.01827800, 0.01635300, -0.81995000
-0.00373609, 0.06659406, -0.99777320
0.82031250, 0.88841160
0.32953200, -0.05895400, -0.80780800
0.05819174, 0.08409131, -0.99475750
0.66601560, 0.93164060
-0.35308900, -0.00060300, -0.80049100
-0.05858419, 0.07456805, -0.99549360
0.97054080, 0.88790330
-0.35631100, -0.09490700, -0.80742900
-0.05843387, 0.07523057, -0.99545260
0.97460940, 0.93164060
0.30445000, 0.12048100, -0.79410700
0.63929650, 0.22205800, -0.73619990
0.02539063, 0.10156250
-0.35631100, -0.09490700, -0.80742900
-0.05843387, 0.07523057, -0.99545260
0.02099661, 0.39163510
-0.34143700, 0.08190000, -0.77358100
0.88977270, 0.11171520, -0.44252050
0.03515625, 0.32363520
-0.27082500, 0.26053700, -0.58650600
0.88977270, 0.11171520, -0.44252050
0.10331140, 0.24731820
-0.26402400, 0.24874100, -0.57580900
0.88977270, 0.11171520, -0.44252050
0.10331140, 0.24731820
-0.27082500, 0.26053700, -0.58650600
0.92299430, 0.03634879, -0.38309300
0.10331140, 0.24731820
-0.34143700, 0.08190000, -0.77358100
0.92299430, 0.03634879, -0.38309300
0.03515625, 0.32363520
-0.35012500, 0.08617600, -0.79410700
0.92299430, 0.03634879, -0.38309300
0.02539063, 0.32363520
-0.35308900, -0.00060300, -0.80049100
0.98352470, -0.08727226, -0.15831210
0.02328491, 0.35622220
-0.34143700, 0.08190000, -0.77358100
0.98352470, -0.08727226, -0.15831210
0.03515625, 0.32363520
-0.35880700, -0.09188400, -0.78569100
0.98352470, -0.08727226, -0.15831210
0.02099660, 0.39163510
-0.34143700, 0.08190000, -0.77358100
0.92069890, -0.00274147, -0.39026410
0.03515625, 0.32363520
-0.35308900, -0.00060300, -0.80049100
0.92069890, -0.00274147, -0.39026410
0.02328491, 0.35622220
-0.35012500, 0.08617600, -0.79410700
0.92069890, -0.00274147, -0.39026410
0.02539063, 0.32363520
-0.37925000, -0.09614200, -0.80617600
0.71517240, -0.15528720, -0.68147960
0.02099660, 0.39163510
-0.35308900, -0.00060300, -0.80049100
0.71517240, -0.15528720, -0.68147960
0.02328491, 0.35622220
-0.35880700, -0.09188400, -0.78569100
0.71517240, -0.15528720, -0.68147960
0.02099660, 0.39163510
0.29625700, 0.11532000, -0.77358100
-0.92173900, -0.06032845, -0.38308970
0.03515625, 0.10156250
0.20736100, 0.28559700, -0.58650600
-0.92173900, -0.06032845, -0.38308970
0.10331140, 0.02524555
0.30445000, 0.12048100, -0.79410700
-0.92173900, -0.06032845, -0.38308970
0.02539063, 0.10156250
0.20736100, 0.28559700, -0.58650600
-0.89657690, 0.01809893, -0.44251810
0.10331140, 0.02524555
0.29625700, 0.11532000, -0.77358100
-0.89657690, 0.01809893, -0.44251810
0.03515625, 0.10156250
0.20183000, 0.27315600, -0.57580900
-0.89657690, 0.01809893, -0.44251810
0.10331140, 0.02524555
0.31642500, 0.03481200, -0.80064800
-0.91551380, -0.09818236, -0.39012150
0.02329276, 0.13402830
0.29625700, 0.11532000, -0.77358100
-0.91551380, -0.09818236, -0.39012150
0.03515625, 0.10156250
0.30445000, 0.12048100, -0.79410700
-0.91551380, -0.09818236, -0.39012150
0.02539063, 0.10156250
0.29625700, 0.11532000, -0.77358100
-0.83693240, -0.35087900, 0.42003350
0.03515625, 0.10156250
0.31642500, 0.03481200, -0.80064800
-0.83693240, -0.35087900, 0.42003350
0.02329276, 0.13402830
0.35247500, -0.05779400, -0.80617600
-0.83693240, -0.35087900, 0.42003350
0.02163020, 0.16956240
0.33169800, -0.05569100, -0.78587200
-0.70066370, -0.09437800, -0.70722210
0.02099661, 0.16956240
0.29625700, 0.11532000, -0.77358100
-0.70066370, -0.09437800, -0.70722210
0.03515625, 0.10156250
0.35247500, -0.05779400, -0.80617600
-0.70066370, -0.09437800, -0.70722210
0.02163020, 0.16956240
-0.03374300, 0.23960400, -0.89026000
-0.04795802, 0.82808110, -0.55855330
0.03110858, 0.58821320
-0.27104700, 0.26582800, -0.58924900
-0.10124930, 0.98103420, -0.16528940
0.11212990, 0.67125900
-0.03273400, 0.29391200, -0.60478900
-0.04225628, 0.98153130, -0.18657650
0.10486970, 0.58821320
-0.36059900, 0.21673700, -0.86896100
-0.09683073, 0.79934930, -0.59301300
0.03836890, 0.70189210
0.29381300, 0.25642800, -0.87141600
-0.00675160, 0.81722980, -0.57627240
0.67382810, 0.84765630
-0.03163400, 0.17702800, -0.93010300
-0.03627772, 0.53335960, -0.84511040
0.82031250, 0.88841160
-0.03374300, 0.23960400, -0.89026000
-0.04795802, 0.82808110, -0.55855330
0.82031250, 0.84765630
0.30379700, 0.18284100, -0.91625700
0.02611299, 0.52276240, -0.85207840
0.67009810, 0.88775350
0.20736600, 0.28539600, -0.59466000
-0.00368074, 0.98865570, -0.15015400
0.11212990, 0.50516770
0.29381300, 0.25642800, -0.87141600
-0.00675160, 0.81722980, -0.57627240
0.03836890, 0.47453480
-0.36059900, 0.21673700, -0.86896100
-0.09683073, 0.79934930, -0.59301300
0.96679690, 0.84765630
-0.36556400, 0.14217600, -0.91363900
-0.09584642, 0.51632640, -0.85101150
0.97054080, 0.88790330
0.20736600, 0.28539600, -0.59466000
0.86504540, 0.44932230, 0.22317230
0.11212990, 0.50516770
0.29418400, 0.25037600, -0.86067000
0.86504540, 0.44932230, 0.22317230
0.03836890, 0.47453480
0.29381300, 0.25642800, -0.87141600
0.86504540, 0.44932230, 0.22317230
0.03836890, 0.47453480
0.29418400, 0.25037600, -0.86067000
0.99278600, 0.11583230, 0.03096443
0.67382810, 0.84765630
0.30379700, 0.18284100, -0.91625700
0.99278600, 0.11583230, 0.03096443
0.67009810, 0.88775350
0.29381300, 0.25642800, -0.87141600
0.99278600, 0.11583230, 0.03096443
0.67382810, 0.84765630
0.30379700, 0.18284100, -0.91625700
0.99278590, 0.11583430, 0.03096185
0.67009810, 0.88775350
0.29418400, 0.25037600, -0.86067000
0.99278590, 0.11583430, 0.03096185
0.67382810, 0.84765630
0.30416800, 0.17678900, -0.90551000
0.99278590, 0.11583430, 0.03096185
0.67009810, 0.88775350
0.30416800, 0.17678900, -0.90551000
0.03536164, -0.87027490, -0.49129540
0.67009810, 0.88775350
-0.03163400, 0.17702800, -0.93010300
0.03536164, -0.87027490, -0.49129540
0.82031250, 0.88841160
0.30379700, 0.18284100, -0.91625700
0.03536164, -0.87027490, -0.49129540
0.67009810, 0.88775350
-0.03163400, 0.17702800, -0.93010300
0.03536158, -0.87027540, -0.49129450
0.82031250, 0.88841160
0.30416800, 0.17678900, -0.90551000
0.03536158, -0.87027540, -0.49129450
0.67009810, 0.88775350
-0.03126300, 0.17097600, -0.91935600
0.03536158, -0.87027540, -0.49129450
0.82031250, 0.88841160
-0.03126300, 0.17097600, -0.91935600
0.06641307, -0.86843710, -0.49133120
0.82031250, 0.88841160
-0.36556400, 0.14217600, -0.91363900
0.06641307, -0.86843710, -0.49133120
0.97054080, 0.88790330
-0.03163400, 0.17702800, -0.93010300
0.06641307, -0.86843710, -0.49133120
0.82031250, 0.88841160
-0.36556400, 0.14217600, -0.91363900
0.06641264, -0.86843360, -0.49133740
0.97054080, 0.88790330
-0.03126300, 0.17097600, -0.91935600
0.06641264, -0.86843360, -0.49133740
0.82031250, 0.88841160
-0.36519300, 0.13612500, -0.90289200
0.06641264, -0.86843360, -0.49133740
0.97054080, 0.88790330
-0.36519300, 0.13612500, -0.90289200
-0.99796790, 0.03425039, 0.05373118
0.97054080, 0.88790330
-0.36059900, 0.21673700, -0.86896100
-0.99796790, 0.03425039, 0.05373118
0.96679690, 0.84765630
-0.36556400, 0.14217600, -0.91363900
-0.99796790, 0.03425039, 0.05373118
0.97054080, 0.88790330
-0.36059900, 0.21673700, -0.86896100
-0.99796750, 0.03424693, 0.05373935
0.96679690, 0.84765630
-0.36519300, 0.13612500, -0.90289200
-0.99796750, 0.03424693, 0.05373935
0.97054080, 0.88790330
-0.36022800, 0.21068500, -0.85821400
-0.99796750, 0.03424693, 0.05373935
0.96679690, 0.84765630
-0.36022800, 0.21068500, -0.85821400
-0.90789310, 0.35109090, 0.22905310
0.03836890, 0.70189210
-0.27104700, 0.26582800, -0.58924900
-0.90789310, 0.35109090, 0.22905310
0.11212990, 0.67125900
-0.36059900, 0.21673700, -0.86896100
-0.90789310, 0.35109090, 0.22905310
0.03836890, 0.70189210
-0.36519300, 0.13612500, -0.90289200
0.03420378, -0.51537930, 0.85627940
0.97054080, 0.88790330
-0.03300500, 0.23006400, -0.85962100
0.03420378, -0.51537930, 0.85627940
0.82031250, 0.84765630
-0.36022800, 0.21068500, -0.85821400
0.03420378, -0.51537930, 0.85627940
0.96679690, 0.84765630
-0.03300500, 0.23006400, -0.85962100
0.10814830, -0.70520060, 0.70071120
0.82031250, 0.84765630
-0.36519300, 0.13612500, -0.90289200
0.10814830, -0.70520060, 0.70071120
0.97054080, 0.88790330
-0.03126300, 0.17097600, -0.91935600
0.10814830, -0.70520060, 0.70071120
0.82031250, 0.88841160
-0.03126300, 0.17097600, -0.91935600
0.04629998, -0.70951080, 0.70317180
0.82031250, 0.88841160
0.29418400, 0.25037600, -0.86067000
0.04629998, -0.70951080, 0.70317180
0.67382810, 0.84765630
-0.03300500, 0.23006400, -0.85962100
0.04629998, -0.70951080, 0.70317180
0.82031250, 0.84765630
0.29418400, 0.25037600, -0.86067000
-0.02611333, -0.52276100, 0.85207920
0.67382810, 0.84765630
-0.03126300, 0.17097600, -0.91935600
-0.02611333, -0.52276100, 0.85207920
0.82031250, 0.88841160
0.30416800, 0.17678900, -0.90551000
-0.02611333, -0.52276100, 0.85207920
0.67009810, 0.88775350
-0.33756500, -0.21381600, 0.30428500
0.92718740, 0.32664050, -0.18338320
0.96536520, 0.45299530
-0.46293900, -0.15672200, -0.22791100
0.92975560, 0.31839700, -0.18487260
0.81204940, 0.42798910
-0.36093200, -0.13940900, 0.31908700
0.92690380, 0.32753550, -0.18322040
0.96912970, 0.42965400
-0.43356100, -0.23557700, -0.21548800
0.93007670, 0.31734820, -0.18506070
0.81608950, 0.45304320
-0.36093200, -0.13940900, 0.31908700
0.97810490, 0.09454075, -0.18539890
0.96912970, 0.42965400
-0.47966300, 0.00884200, -0.23170300
0.97810440, 0.09455238, -0.18539570
0.81204940, 0.37781970
-0.37840000, 0.02598700, 0.31126800
0.97810510, 0.09453724, -0.18539990
0.96797320, 0.37948460
-0.46293900, -0.15672200, -0.22791100
0.97810430, 0.09455583, -0.18539470
0.81204940, 0.42798910
-0.37843400, -0.14434900, 0.33815600
0.70523860, 0.11041070, 0.70031990
0.97346320, 0.43024900
-0.37840000, 0.02598700, 0.31126800
0.70523860, 0.11041070, 0.70031990
0.96797320, 0.37948460
-0.39832600, 0.03445700, 0.32999700
0.70523860, 0.11041070, 0.70031990
0.97224320, 0.37595970
-0.37840000, 0.02598700, 0.31126800
0.71826430, 0.10835000, 0.68728200
0.96797320, 0.37948460
-0.37843400, -0.14434900, 0.33815600
0.71826430, 0.10835000, 0.68728200
0.97346320, 0.43024900
-0.36093200, -0.13940900, 0.31908700
0.71826430, 0.10835000, 0.68728200
0.96912970, 0.42965400
-0.39832600, 0.03445700, 0.32999700
0.32245580, 0.94232810, -0.08966593
0.97224320, 0.37595970
-0.47966300, 0.00884200, -0.23170300
0.32245580, 0.94232810, -0.08966593
0.81204940, 0.37781970
-0.50519200, 0.01651400, -0.24288100
0.32245580, 0.94232810, -0.08966593
0.80773100, 0.37415800
-0.47966300, 0.00884200, -0.23170300
0.31759170, 0.94403790, -0.08903956
0.81204940, 0.37781970
-0.39832600, 0.03445700, 0.32999700
0.31759170, 0.94403790, -0.08903956
0.97224320, 0.37595970
-0.37840000, 0.02598700, 0.31126800
0.31759170, 0.94403790, -0.08903956
0.96797320, 0.37948460
-0.50519200, 0.01651400, -0.24288100
0.42582910, 0.02570247, -0.90443850
0.80773100, 0.37415800
-0.46293900, -0.15672200, -0.22791100
0.42582910, 0.02570247, -0.90443850
0.81204940, 0.42798910
-0.48608500, -0.16246800, -0.23897200
0.42582910, 0.02570247, -0.90443850
0.80773090, 0.42844730
-0.46293900, -0.15672200, -0.22791100
0.40609330, 0.02009622, -0.91361060
0.81204940, 0.42798910
-0.50519200, 0.01651400, -0.24288100
0.40609330, 0.02009622, -0.91361060
0.80773100, 0.37415800
-0.47966300, 0.00884200, -0.23170300
0.40609330, 0.02009622, -0.91361060
0.81204940, 0.37781970
-0.48608500, -0.16246800, -0.23897200
0.41979200, 0.01007450, -0.90756440
0.80773090, 0.42844730
-0.43356100, -0.23557700, -0.21548800
0.41979200, 0.01007450, -0.90756440
0.81608950, 0.45304320
-0.45537500, -0.24799300, -0.22571600
0.41979200, 0.01007450, -0.90756440
0.81199340, 0.45555880
-0.43356100, -0.23557700, -0.21548800
0.42768040, 0.01696033, -0.90377090
0.81608950, 0.45304320
-0.48608500, -0.16246800, -0.23897200
0.42768040, 0.01696033, -0.90377090
0.80773090, 0.42844730
-0.46293900, -0.15672200, -0.22791100
0.42768040, 0.01696033, -0.90377090
0.81204940, 0.42798910
-0.45537500, -0.24799300, -0.22571600
0.51448110, -0.85545610, -0.05919551
0.81199340, 0.45555880
-0.33756500, -0.21381600, 0.30428500
0.51448110, -0.85545610, -0.05919551
0.96536520, 0.45299530
-0.35409200, -0.22502800, 0.32268700
0.51448110, -0.85545610, -0.05919551
0.96949150, 0.45550700
-0.33756500, -0.21381600, 0.30428500
0.51462200, -0.85536870, -0.05923247
0.96536520, 0.45299530
-0.45537500, -0.24799300, -0.22571600
0.51462200, -0.85536870, -0.05923247
0.81199340, 0.45555880
-0.43356100, -0.23557700, -0.21548800
0.51462200, -0.85536870, -0.05923247
0.81608950, 0.45304320
-0.35409200, -0.22502800, 0.32268700
0.72270290, 0.08657522, 0.68571520
0.96949150, 0.45550700
-0.36093200, -0.13940900, 0.31908700
0.72270290, 0.08657522, 0.68571520
0.96912970, 0.42965400
-0.37843400, -0.14434900, 0.33815600
0.72270290, 0.08657522, 0.68571520
0.97346320, 0.43024900
-0.36093200, -0.13940900, 0.31908700
0.71452010, 0.08628140, 0.69427410
0.96912970, 0.42965400
-0.35409200, -0.22502800, 0.32268700
0.71452010, 0.08628140, 0.69427410
0.96949150, 0.45550700
-0.33756500, -0.21381600, 0.30428500
0.71452010, 0.08628140, 0.69427410
0.96536520, 0.45299530
-0.35409200, -0.22502800, 0.32268700
-0.93108290, -0.31517800, 0.18370470
0.46051660, 0.43300160
-0.48608500, -0.16246800, -0.23897200
-0.93335900, -0.30754310, 0.18509000
0.23807800, 0.39672310
-0.45537500, -0.24799300, -0.22571600
-0.93365110, -0.30654650, 0.18526970
0.24393940, 0.43307130
-0.37843400, -0.14434900, 0.33815600
-0.93082380, -0.31603310, 0.18354860
0.46597830, 0.39913860
-0.37843400, -0.14434900, 0.33815600
-0.97751550, -0.10028660, 0.18548890
0.46597830, 0.39913860
-0.50519200, 0.01651400, -0.24288100
-0.97751490, -0.10029740, 0.18548580
0.23807810, 0.32393810
-0.48608500, -0.16246800, -0.23897200
-0.97751480, -0.10030070, 0.18548480
0.23807800, 0.39672310
-0.39832600, 0.03445700, 0.32999700
-0.97751560, -0.10028320, 0.18548980
0.46430040, 0.32635350
0.33280000, -0.18153200, 0.30172700
-0.97739210, 0.11475640, -0.17758290
0.96536520, 0.45299530
0.44096000, -0.07925000, -0.22747100
-0.97803300, 0.10620170, -0.17936730
0.81204940, 0.42798910
0.43019600, -0.16308500, -0.21791500
-0.97810910, 0.10511450, -0.17959290
0.81608950, 0.45304320
0.33877000, -0.10432600, 0.31919100
-0.97731790, 0.11568630, -0.17738800
0.96912970, 0.42965400
0.33877000, -0.10432600, 0.31919100
-0.97452090, -0.12263500, -0.18780190
0.96912970, 0.42965400
0.41981200, 0.08584000, -0.22552300
-0.97452310, -0.12262350, -0.18779820
0.81204940, 0.37781970
0.44096000, -0.07925000, -0.22747100
-0.97452370, -0.12262010, -0.18779710
0.81204940, 0.42798910
0.31837600, 0.06090800, 0.31711300
-0.97452030, -0.12263850, -0.18780300
0.96797320, 0.37948460
0.35697300, -0.10583700, 0.33818300
-0.72279260, -0.08057546, 0.68635160
0.97346320, 0.43024900
0.31837600, 0.06090800, 0.31711300
-0.72279260, -0.08057546, 0.68635160
0.96797320, 0.37948460
0.33877000, -0.10432600, 0.31919100
-0.72279260, -0.08057546, 0.68635160
0.96912970, 0.42965400
0.31837600, 0.06090800, 0.31711300
-0.71054460, -0.07607552, 0.69952760
0.96797320, 0.37948460
0.35697300, -0.10583700, 0.33818300
-0.71054460, -0.07607552, 0.69952760
0.97346320, 0.43024900
0.33590800, 0.07301000, 0.33623700
-0.71054460, -0.07607552, 0.69952760
0.97224320, 0.37595970
0.33590800, 0.07301000, 0.33623700
-0.52297740, 0.85032340, -0.05869174
0.97224320, 0.37595970
0.41981200, 0.08584000, -0.22552300
-0.52297740, 0.85032340, -0.05869174
0.81204940, 0.37781970
0.31837600, 0.06090800, 0.31711300
-0.52297740, 0.85032340, -0.05869174
0.96797320, 0.37948460
0.41981200, 0.08584000, -0.22552300
-0.52733170, 0.84758030, -0.05940473
0.81204940, 0.37781970
0.33590800, 0.07301000, 0.33623700
-0.52733170, 0.84758030, -0.05940473
0.97224320, 0.37595970
0.44292300, 0.09946400, -0.23628400
-0.52733170, 0.84758030, -0.05940473
0.80773100, 0.37415800
0.44292300, 0.09946400, -0.23628400
-0.40194100, -0.04069531, -0.91476080
0.80773100, 0.37415800
0.44096000, -0.07925000, -0.22747100
-0.40194100, -0.04069531, -0.91476080
0.81204940, 0.42798910
0.41981200, 0.08584000, -0.22552300
-0.40194100, -0.04069531, -0.91476080
0.81204940, 0.37781970
0.44096000, -0.07925000, -0.22747100
-0.42241450, -0.04001467, -0.90551910
0.81204940, 0.42798910
0.44292300, 0.09946400, -0.23628400
-0.42241450, -0.04001467, -0.90551910
0.80773100, 0.37415800
0.46478400, -0.07923100, -0.23858600
-0.42241450, -0.04001467, -0.90551910
0.80773090, 0.42844730
0.46478400, -0.07923100, -0.23858600
-0.42224010, -0.04896638, -0.90516050
0.80773090, 0.42844730
0.43019600, -0.16308500, -0.21791500
-0.42224010, -0.04896638, -0.90516050
0.81608950, 0.45304320
0.44096000, -0.07925000, -0.22747100
-0.42224010, -0.04896638, -0.90516050
0.81204940, 0.42798910
0.43019600, -0.16308500, -0.21791500
-0.41300730, -0.05375569, -0.90913990
0.81608950, 0.45304320
0.46478400, -0.07923100, -0.23858600
-0.41300730, -0.05375569, -0.90913990
0.80773090, 0.42844730
0.45423000, -0.16988800, -0.22843100
-0.41300730, -0.05375569, -0.90913990
0.81199340, 0.45555880
0.45423000, -0.16988800, -0.22843100
-0.30802880, -0.94698120, -0.09135021
0.81199340, 0.45555880
0.33280000, -0.18153200, 0.30172700
-0.30802880, -0.94698120, -0.09135021
0.96536520, 0.45299530
0.43019600, -0.16308500, -0.21791500
-0.30802880, -0.94698120, -0.09135021
0.81608950, 0.45304320
0.33280000, -0.18153200, 0.30172700
-0.30787110, -0.94703580, -0.09131530
0.96536520, 0.45299530
0.45423000, -0.16988800, -0.22843100
-0.30787110, -0.94703580, -0.09131530
0.81199340, 0.45555880
0.35147100, -0.18934700, 0.31983300
-0.30787110, -0.94703580, -0.09131530
0.96949150, 0.45550700
0.35147100, -0.18934700, 0.31983300
-0.71414470, -0.10145390, 0.69260700
0.96949150, 0.45550700
0.33877000, -0.10432600, 0.31919100
-0.71414470, -0.10145390, 0.69260700
0.96912970, 0.42965400
0.33280000, -0.18153200, 0.30172700
-0.71414470, -0.10145390, 0.69260700
0.96536520, 0.45299530
0.33877000, -0.10432600, 0.31919100
-0.72219630, -0.10272150, 0.68401810
0.96912970, 0.42965400
0.35147100, -0.18934700, 0.31983300
-0.72219630, -0.10272150, 0.68401810
0.96949150, 0.45550700
0.35697300, -0.10583700, 0.33818300
-0.72219630, -0.10272150, 0.68401810
0.97346320, 0.43024900
0.35147100, -0.18934700, 0.31983300
0.97859590, -0.10272730, 0.17831750
0.46051660, 0.21092900
0.46478400, -0.07923100, -0.23858600
0.97908960, -0.09482785, 0.17997550
0.23807800, 0.17465040
0.35697300, -0.10583700, 0.33818300
0.97853650, -0.10361300, 0.17813090
0.46597830, 0.17706590
0.45423000, -0.16988800, -0.22843100
0.97914930, -0.09379779, 0.18019070
0.24393940, 0.21099860
0.35697300, -0.10583700, 0.33818300
0.97524600, 0.11690460, 0.18769250
0.46597830, 0.17706590
0.44292300, 0.09946400, -0.23628400
0.97524800, 0.11689410, 0.18768910
0.23807810, 0.10186540
0.33590800, 0.07301000, 0.33623700
0.97524540, 0.11690790, 0.18769360
0.46430040, 0.10428090
0.46478400, -0.07923100, -0.23858600
0.97524860, 0.11689090, 0.18768800
0.23807800, 0.17465040
0.19555400, -0.23231900, 0.61735200
0.00000005, -0.25882260, 0.96592490
0.72819250, 0.27546920
0.33720500, -0.18728500, 0.61735300
0.00000008, 0.25881700, 0.96592630
0.76157090, 0.26316390
0.19555400, -0.18728500, 0.61735300
-0.00000046, 0.25881870, 0.96592590
0.72819250, 0.26316390
0.33720500, -0.23231900, 0.61735200
0.00000022, -0.25882350, 0.96592460
0.76157090, 0.27546920
0.33720500, -0.14828500, 0.59483600
-0.00000036, 0.70710660, 0.70710690
0.76157090, 0.25085890
0.19555400, -0.14828500, 0.59483600
-0.00000116, 0.70710820, 0.70710530
0.72819250, 0.25085890
0.33720500, -0.12576800, 0.55583500
-0.00000085, 0.96592580, 0.25881910
0.76157090, 0.23855390
0.19555400, -0.12576800, 0.55583500
-0.00000140, 0.96592640, 0.25881690
0.72819250, 0.23855390
0.33720500, -0.12576800, 0.51080200
-0.00000061, 0.96592570, -0.25881950
0.76157090, 0.22624860
0.19555400, -0.12576800, 0.51080200
0.00000003, 0.96592630, -0.25881730
0.72819250, 0.22624860
0.33720500, -0.14828500, 0.47180100
0.00000021, 0.70710780, -0.70710570
0.76157090, 0.21394360
0.19555400, -0.14828500, 0.47180100
0.00000052, 0.70710830, -0.70710520
0.72819250, 0.21394360
0.33720500, -0.18728500, 0.44928400
0.00000058, 0.25881960, -0.96592570
0.76157090, 0.20163860
0.19555400, -0.18728500, 0.44928400
0.00000052, 0.25881910, -0.96592580
0.72819250, 0.20163860
0.33720500, -0.23231900, 0.44928400
0.00000007, -0.25881870, -0.96592590
0.76157090, 0.19207890
0.19555400, -0.23231900, 0.44928400
0.00000004, -0.25881810, -0.96592610
0.72819250, 0.19207890
0.19555400, -0.23231900, 0.44928400
0.00000004, -0.25881810, -0.96592610
0.72819250, 0.33424910
0.33720500, -0.27131900, 0.47180100
-0.00000036, -0.70710610, -0.70710750
0.76157090, 0.32468950
0.19555400, -0.27131900, 0.47180100
-0.00000032, -0.70710590, -0.70710760
0.72819250, 0.32468950
0.33720500, -0.23231900, 0.44928400
0.00000007, -0.25881870, -0.96592590
0.76157090, 0.33424910
0.33720500, -0.29383600, 0.51080200
-0.00000013, -0.96592590, -0.25881870
0.76157060, 0.31238450
0.19555400, -0.29383600, 0.51080200
-0.00000001, -0.96592580, -0.25881920
0.72819250, 0.31238450
0.33720500, -0.29383600, 0.55583500
-0.00000069, -0.96592560, 0.25881990
0.76157090, 0.30007950
0.19555400, -0.29383600, 0.55583500
-0.00000014, -0.96592620, 0.25881770
0.72819250, 0.30007950
0.33720500, -0.27131900, 0.59483500
-0.00000088, -0.70710750, 0.70710610
0.76157090, 0.28777420
0.19555400, -0.27131900, 0.59483500
0.00000001, -0.70710930, 0.70710430
0.72819250, 0.28777420
0.19555400, -0.18728500, 0.61735300
-1.00000000, -0.00000040, -0.00000011
0.66305580, 0.26811950
0.19555400, -0.18728500, 0.44928400
-1.00000000, 0.00000022, -0.00000112
0.62515410, 0.27822340
0.19555400, -0.23231900, 0.61735200
-1.00000000, -0.00000048, 0.00000010
0.66576570, 0.27823540
0.19555400, -0.14828500, 0.59483600
-1.00000000, 0.00000069, -0.00000005
0.65561220, 0.26070110
0.19555400, -0.12576800, 0.55583500
-1.00000000, 0.00000048, -0.00000010
0.64543500, 0.25799760
0.19555400, -0.12576800, 0.51080200
-1.00000000, 0.00000217, -0.00000124
0.63528840, 0.26073120
0.19555400, -0.14828500, 0.47180100
-1.00000000, 0.00000567, -0.00000474
0.62789060, 0.26811990
0.19555400, -0.27131900, 0.47180100
-1.00000000, -0.00000184, -0.00000263
0.63529370, 0.29573260
0.19555400, -0.23231900, 0.44928400
-1.00000000, -0.00000212, -0.00000367
0.62784990, 0.28830060
0.19555400, -0.29383600, 0.51080200
-1.00000000, -0.00000006, 0.00000051
0.64545880, 0.29845200
0.19555400, -0.29383600, 0.55583500
-1.00000000, -0.00000115, -0.00000026
0.65561830, 0.29573390
0.19555400, -0.27131900, 0.59483500
-1.00000000, -0.00000054, -0.00000018
0.66304260, 0.28833350
0.33720500, -0.23231900, 0.61735200
1.00000000, 0.00000042, 0.00000011
0.66576570, 0.27821310
0.33720500, -0.18728500, 0.44928400
1.00000000, -0.00000075, 0.00000047
0.62515410, 0.27822520
0.33720500, -0.18728500, 0.61735300
1.00000000, 0.00000017, 0.00000023
0.66304260, 0.26811470
0.33720500, -0.14828500, 0.59483600
1.00000000, -0.00000129, 0.00000034
0.65561850, 0.26071490
0.33720500, -0.12576800, 0.55583500
1.00000000, -0.00000210, 0.00000050
0.64545890, 0.25799690
0.33720500, -0.12576800, 0.51080200
1.00000000, -0.00000187, 0.00000063
0.63529380, 0.26071600
0.33720500, -0.14828500, 0.47180100
1.00000000, -0.00000756, 0.00000632
0.62785020, 0.26814810
0.33720500, -0.23231900, 0.44928400
1.00000000, 0.00000000, 0.00000000
0.62789060, 0.28832830
0.33720500, -0.27131900, 0.47180100
1.00000000, -0.00000112, -0.00000417
0.63528820, 0.29571740
0.33720500, -0.29383600, 0.51080200
1.00000000, 0.00000090, -0.00000093
0.64543520, 0.29845120
0.33720500, -0.29383600, 0.55583500
1.00000000, 0.00000280, 0.00000137
0.65561220, 0.29574750
0.33720500, -0.27131900, 0.59483500
1.00000000, 0.00000136, 0.00000078
0.66305570, 0.28832900
-0.21757800, -0.23231900, 0.61735200
0.00000035, -0.25881970, 0.96592560
0.72819250, 0.27546920
-0.35922900, -0.18728500, 0.61735200
0.00000040, 0.25881920, 0.96592580
0.76157090, 0.26316390
-0.35922900, -0.23231900, 0.61735200
0.00000048, -0.25882000, 0.96592560
0.76157090, 0.27546920
-0.21757800, -0.18728500, 0.61735200
0.00000031, 0.25881870, 0.96592590
0.72819250, 0.26316390
-0.35922900, -0.14828500, 0.59483500
0.00000016, 0.70710660, 0.70710690
0.76157090, 0.25085890
-0.21757800, -0.14828500, 0.59483600
-0.00000026, 0.70710560, 0.70710800
0.72819250, 0.25085890
-0.35922900, -0.12576800, 0.55583500
0.00000007, 0.96592580, 0.25881930
0.76157090, 0.23855390
-0.21757800, -0.12576800, 0.55583500
0.00000025, 0.96592610, 0.25881820
0.72819250, 0.23855390
-0.35922800, -0.12576800, 0.51080100
-0.00000026, 0.96592630, -0.25881710
0.76157090, 0.22624860
-0.21757700, -0.12576800, 0.51080100
-0.00000014, 0.96592610, -0.25881790
0.72819250, 0.22624860
-0.35922800, -0.14828400, 0.47180100
-0.00000025, 0.70710750, -0.70710610
0.76157090, 0.21394360
-0.21757800, -0.14828500, 0.47180100
0.00000045, 0.70710590, -0.70710760
0.72819250, 0.21394360
-0.35922800, -0.18728500, 0.44928400
0.00000054, 0.25881680, -0.96592640
0.76157090, 0.20163860
-0.21757700, -0.18728500, 0.44928400
0.00000029, 0.25881760, -0.96592620
0.72819250, 0.20163860
-0.35922900, -0.23231900, 0.44928400
0.00000018, -0.25881930, -0.96592580
0.76157090, 0.19207890
-0.21757700, -0.23231800, 0.44928400
-0.00000024, -0.25881760, -0.96592620
0.72819250, 0.19207890
-0.21757700, -0.23231800, 0.44928400
-0.00000024, -0.25881760, -0.96592620
0.72819250, 0.33424910
-0.35922900, -0.27131900, 0.47180100
0.00000034, -0.70710610, -0.70710740
0.76157090, 0.32468950
-0.35922900, -0.23231900, 0.44928400
0.00000018, -0.25881930, -0.96592580
0.76157090, 0.33424910
-0.21757800, -0.27131900, 0.47180100
-0.00000006, -0.70710500, -0.70710850
0.72819250, 0.32468950
-0.35922800, -0.29383600, 0.51080100
0.00000013, -0.96592530, -0.25882080
0.76157060, 0.31238450
-0.21757800, -0.29383600, 0.51080100
-0.00000006, -0.96592520, -0.25882130
0.72819250, 0.31238450
-0.35922800, -0.29383600, 0.55583500
0.00000060, -0.96592650, 0.25881640
0.76157090, 0.30007950
-0.21757800, -0.29383600, 0.55583500
0.00000119, -0.96592630, 0.25881730
0.72819250, 0.30007950
-0.35922900, -0.27131900, 0.59483600
0.00000184, -0.70710690, 0.70710660
0.76157090, 0.28777420
-0.21757800, -0.27131900, 0.59483500
0.00000118, -0.70710860, 0.70710490
0.72819250, 0.28777420
-0.21757800, -0.18728500, 0.61735200
1.00000000, 0.00000024, 0.00000045
0.66305580, 0.26811950
-0.21757800, -0.23231900, 0.61735200
1.00000000, -0.00000078, 0.00000036
0.66576570, 0.27823540
-0.21757700, -0.18728500, 0.44928400
1.00000000, -0.00000009, 0.00000048
0.62515410, 0.27822340
-0.21757800, -0.14828500, 0.59483600
1.00000000, 0.00000063, 0.00000062
0.65561220, 0.26070110
-0.21757800, -0.12576800, 0.55583500
1.00000000, -0.00000090, 0.00000106
0.64543500, 0.25799760
-0.21757700, -0.12576800, 0.51080100
1.00000000, -0.00000091, 0.00000091
0.63528840, 0.26073120
-0.21757800, -0.14828500, 0.47180100
1.00000000, 0.00000231, -0.00000231
0.62789060, 0.26811990
-0.21757800, -0.27131900, 0.47180100
1.00000000, -0.00000111, -0.00000074
0.63529370, 0.29573260
-0.21757700, -0.23231800, 0.44928400
1.00000000, 0.00000000, 0.00000339
0.62784990, 0.28830060
-0.21757800, -0.29383600, 0.51080100
1.00000000, -0.00000068, -0.00000024
0.64545880, 0.29845200
-0.21757800, -0.29383600, 0.55583500
1.00000000, 0.00000047, 0.00000101
0.65561830, 0.29573390
-0.21757800, -0.27131900, 0.59483500
1.00000000, -0.00000032, 0.00000073
0.66304260, 0.28833350
-0.35922900, -0.23231900, 0.61735200
-1.00000000, 0.00000054, -0.00000031
0.66576570, 0.27821310
-0.35922900, -0.18728500, 0.61735200
-1.00000000, -0.00000106, -0.00000068
0.66304260, 0.26811470
-0.35922800, -0.18728500, 0.44928400
-1.00000000, 0.00000034, -0.00000009
0.62515410, 0.27822520
-0.35922900, -0.14828500, 0.59483500
-1.00000000, -0.00000064, -0.00000088
0.65561850, 0.26071490
-0.35922900, -0.12576800, 0.55583500
-1.00000000, 0.00000120, -0.00000141
0.64545890, 0.25799690
-0.35922800, -0.12576800, 0.51080100
-1.00000000, 0.00000152, -0.00000152
0.63529380, 0.26071600
-0.35922800, -0.14828400, 0.47180100
-1.00000000, 0.00000000, 0.00000000
0.62785020, 0.26814810
-0.35922900, -0.23231900, 0.44928400
-1.00000000, 0.00000169, 0.00000293
0.62789060, 0.28832830
-0.35922900, -0.27131900, 0.47180100
-1.00000000, 0.00000169, 0.00000293
0.63528820, 0.29571740
-0.35922800, -0.29383600, 0.51080100
-1.00000000, 0.00000034, 0.00000059
0.64543520, 0.29845120
-0.35922800, -0.29383600, 0.55583500
-1.00000000, -0.00000174, -0.00000174
0.65561220, 0.29574750
-0.35922900, -0.27131900, 0.59483600
-1.00000000, 0.00000016, -0.00000096
0.66305570, 0.28832900
0.23411000, -0.12497900, -0.51951000
-0.00000007, 1.00000000, 0.00000084
0.72819250, 0.27546920
0.33720600, -0.13663400, -0.56300900
0.00000020, 0.86602580, -0.49999930
0.76157090, 0.26316390
0.23411000, -0.13663400, -0.56300900
0.00000019, 0.86602570, -0.49999940
0.72819250, 0.26316390
0.33720500, -0.12497900, -0.51951000
-0.00000012, 1.00000000, 0.00000022
0.76157090, 0.27546920
0.33720600, -0.16847800, -0.59485300
0.00000031, 0.49999990, -0.86602540
0.76157090, 0.25085890
0.23411000, -0.16847800, -0.59485300
0.00000007, 0.49999940, -0.86602570
0.72819250, 0.25085890
0.33720600, -0.21197700, -0.60650800
-0.00000025, 0.00000032, -1.00000000
0.76157090, 0.23855390
0.23411000, -0.21197700, -0.60650800
-0.00000020, 0.00000030, -1.00000000
0.72819250, 0.23855390
0.33720600, -0.25547700, -0.59485300
-0.00000027, -0.50000030, -0.86602530
0.76157090, 0.22624860
0.23411000, -0.25547700, -0.59485300
-0.00000014, -0.50000000, -0.86602540
0.72819250, 0.22624860
0.33720600, -0.28732000, -0.56300900
0.00000000, -0.86602560, -0.49999970
0.76157090, 0.21394360
0.23411000, -0.28732000, -0.56300900
-0.00000028, -0.86602620, -0.49999870
0.72819250, 0.21394360
0.33720500, -0.29897600, -0.51951000
-0.00000032, -1.00000000, -0.00000079
0.76157090, 0.20163860
0.23411000, -0.29897600, -0.51951000
-0.00000031, -1.00000000, -0.00000046
0.72819250, 0.20163860
0.33720500, -0.28732000, -0.47601100
-0.00000024, -0.86602490, 0.50000080
0.76157090, 0.19207890
0.23411000, -0.28732000, -0.47601100
0.00000000, -0.86602510, 0.50000040
0.72819250, 0.19207890
0.23411000, -0.28732000, -0.47601100
0.00000000, -0.86602510, 0.50000040
0.72819250, 0.33424910
0.33720500, -0.25547700, -0.44416700
0.00000000, -0.49999920, 0.86602590
0.76157090, 0.32468950
0.23411000, -0.25547700, -0.44416700
-0.00000041, -0.49999850, 0.86602630
0.72819250, 0.32468950
0.33720500, -0.28732000, -0.47601100
-0.00000024, -0.86602490, 0.50000080
0.76157090, 0.33424910
0.33720500, -0.21197700, -0.43251100
-0.00000070, -0.00000081, 1.00000000
0.76157060, 0.31238450
0.23411000, -0.21197700, -0.43251200
-0.00000097, -0.00000036, 1.00000000
0.72819250, 0.31238450
0.33720500, -0.16847800, -0.44416700
-0.00000078, 0.49999790, 0.86602660
0.76157090, 0.30007950
0.23411000, -0.16847800, -0.44416700
-0.00000057, 0.49999770, 0.86602670
0.72819250, 0.30007950
0.33720500, -0.13663500, -0.47601000
-0.00000020, 0.86602450, 0.50000150
0.76157090, 0.28777420
0.23411000, -0.13663400, -0.47601000
-0.00000019, 0.86602460, 0.50000140
0.72819250, 0.28777420
0.23411000, -0.13663400, -0.56300900
-1.00000000, 0.00000023, -0.00000047
0.66305580, 0.26811950
0.23411000, -0.29897600, -0.51951000
-1.00000000, -0.00000028, -0.00000046
0.62515410, 0.27822340
0.23411000, -0.12497900, -0.51951000
-1.00000000, 0.00000011, -0.00000153
0.66576570, 0.27823540
0.23411000, -0.16847800, -0.59485300
-1.00000000, 0.00000031, 0.00000003
0.65561220, 0.26070110
0.23411000, -0.21197700, -0.60650800
-1.00000000, 0.00000040, -0.00000004
0.64543500, 0.25799760
0.23411000, -0.25547700, -0.59485300
-1.00000000, 0.00000097, 0.00000081
0.63528840, 0.26073120
0.23411000, -0.28732000, -0.56300900
-1.00000000, -0.00000507, -0.00000267
0.62789060, 0.26811990
0.23411000, -0.25547700, -0.44416700
-1.00000000, 0.00000060, -0.00000060
0.63529370, 0.29573260
0.23411000, -0.28732000, -0.47601100
-1.00000000, 0.00000060, -0.00000060
0.62784990, 0.28830060
0.23411000, -0.21197700, -0.43251200
-1.00000000, -0.00000043, 0.00000043
0.64545880, 0.29845200
0.23411000, -0.16847800, -0.44416700
-1.00000000, -0.00000064, 0.00000061
0.65561830, 0.29573390
0.23411000, -0.13663400, -0.47601000
-1.00000000, -0.00000018, -0.00000107
0.66304260, 0.28833350
0.33720500, -0.12497900, -0.51951000
1.00000000, -0.00000022, 0.00000088
0.66576570, 0.27821310
0.33720500, -0.29897600, -0.51951000
1.00000000, 0.00000013, 0.00000117
0.62515410, 0.27822520
0.33720600, -0.13663400, -0.56300900
1.00000000, -0.00000023, 0.00000267
0.66304260, 0.26811470
0.33720600, -0.16847800, -0.59485300
1.00000000, -0.00000069, 0.00000184
0.65561850, 0.26071490
0.33720600, -0.21197700, -0.60650800
1.00000000, -0.00000151, 0.00000024
0.64545890, 0.25799690
0.33720600, -0.25547700, -0.59485300
1.00000000, 0.00000014, 0.00000160
0.63529380, 0.26071600
0.33720600, -0.28732000, -0.56300900
1.00000000, 0.00000643, 0.00000523
0.62785020, 0.26814810
0.33720500, -0.28732000, -0.47601100
1.00000000, 0.00000164, -0.00000044
0.62789060, 0.28832830
0.33720500, -0.25547700, -0.44416700
1.00000000, -0.00000278, 0.00000211
0.63528820, 0.29571740
0.33720500, -0.21197700, -0.43251100
1.00000000, -0.00000080, -0.00000007
0.64543520, 0.29845120
0.33720500, -0.16847800, -0.44416700
1.00000000, -0.00000032, -0.00000047
0.65561220, 0.29574750
0.33720500, -0.13663500, -0.47601000
1.00000000, -0.00000028, -0.00000071
0.66305570, 0.28832900
-0.24320400, -0.12497900, -0.51951000
0.00000038, 1.00000000, 0.00000052
0.72819250, 0.27546920
-0.35922800, -0.13663400, -0.56300900
0.00000047, 0.86602630, -0.49999850
0.76157090, 0.26316390
-0.35922800, -0.12497900, -0.51951000
0.00000044, 1.00000000, 0.00000046
0.76157090, 0.27546920
-0.24320400, -0.13663400, -0.56300900
0.00000019, 0.86602660, -0.49999800
0.72819250, 0.26316390
-0.35922800, -0.16847800, -0.59485300
0.00000037, 0.50000070, -0.86602500
0.76157090, 0.25085890
-0.24320400, -0.16847800, -0.59485300
0.00000053, 0.50000020, -0.86602530
0.72819250, 0.25085890
-0.35922800, -0.21197700, -0.60650800
0.00000082, -0.00000021, -1.00000000
0.76157090, 0.23855390
-0.24320400, -0.21197700, -0.60650800
0.00000053, 0.00000097, -1.00000000
0.72819250, 0.23855390
-0.35922800, -0.25547600, -0.59485300
0.00000038, -0.49999960, -0.86602560
0.76157090, 0.22624860
-0.24320400, -0.25547600, -0.59485300
0.00000015, -0.49999930, -0.86602580
0.72819250, 0.22624860
-0.35922800, -0.28732000, -0.56300900
0.00000010, -0.86602550, -0.49999980
0.76157090, 0.21394360
-0.24320400, -0.28732000, -0.56300900
0.00000033, -0.86602590, -0.49999910
0.72819250, 0.21394360
-0.35922800, -0.29897600, -0.51951000
0.00000000, -1.00000000, -0.00000004
0.76157090, 0.20163860
-0.24320400, -0.29897600, -0.51951000
0.00000000, -1.00000000, -0.00000010
0.72819250, 0.20163860
-0.35922800, -0.28732000, -0.47601100
-0.00000033, -0.86602480, 0.50000100
0.76157090, 0.19207890
-0.24320400, -0.28732000, -0.47601100
-0.00000065, -0.86602530, 0.50000030
0.72819250, 0.19207890
-0.24320400, -0.28732000, -0.47601100
-0.00000065, -0.86602530, 0.50000030
0.72819250, 0.33424910
-0.35922800, -0.25547700, -0.44416700
-0.00000118, -0.50000020, 0.86602530
0.76157090, 0.32468950
-0.35922800, -0.28732000, -0.47601100
-0.00000033, -0.86602480, 0.50000100
0.76157090, 0.33424910
-0.24320400, -0.25547700, -0.44416700
-0.00000108, -0.49999950, 0.86602570
0.72819250, 0.32468950
-0.35922800, -0.21197700, -0.43251200
-0.00000109, -0.00000178, 1.00000000
0.76157060, 0.31238450
-0.24320400, -0.21197700, -0.43251200
-0.00000053, -0.00000031, 1.00000000
0.72819250, 0.31238450
-0.35922800, -0.16847800, -0.44416700
-0.00000057, 0.49999770, 0.86602670
0.76157090, 0.30007950
-0.24320400, -0.16847800, -0.44416700
-0.00000027, 0.49999850, 0.86602630
0.72819250, 0.30007950
-0.35922800, -0.13663400, -0.47601100
-0.00000018, 0.86602470, 0.50000120
0.76157090, 0.28777420
-0.24320400, -0.13663400, -0.47601100
0.00000022, 0.86602530, 0.50000030
0.72819250, 0.28777420
-0.24320400, -0.13663400, -0.56300900
1.00000000, 0.00000025, 0.00000136
0.66305580, 0.26811950
-0.24320400, -0.12497900, -0.51951000
1.00000000, 0.00000022, 0.00000000
0.66576570, 0.27823540
-0.24320400, -0.29897600, -0.51951000
1.00000000, -0.00000022, 0.00000057
0.62515410, 0.27822340
-0.24320400, -0.16847800, -0.59485300
1.00000000, -0.00000021, 0.00000064
0.65561220, 0.26070110
-0.24320400, -0.21197700, -0.60650800
1.00000000, -0.00000075, -0.00000075
0.64543500, 0.25799760
-0.24320400, -0.25547600, -0.59485300
1.00000000, 0.00000180, 0.00000180
0.63528840, 0.26073120
-0.24320400, -0.28732000, -0.56300900
1.00000000, 0.00000180, 0.00000180
0.62789060, 0.26811990
-0.24320400, -0.25547700, -0.44416700
1.00000000, -0.00000090, 0.00000027
0.63529370, 0.29573260
-0.24320400, -0.28732000, -0.47601100
1.00000000, -0.00000507, 0.00000267
0.62784990, 0.28830060
-0.24320400, -0.21197700, -0.43251200
1.00000000, 0.00000039, -0.00000083
0.64545880, 0.29845200
-0.24320400, -0.16847800, -0.44416700
1.00000000, 0.00000003, -0.00000005
0.65561830, 0.29573390
-0.24320400, -0.13663400, -0.47601100
1.00000000, 0.00000004, -0.00000060
0.66304260, 0.28833350
-0.35922800, -0.12497900, -0.51951000
-1.00000000, -0.00000044, -0.00000088
0.66576570, 0.27821310
-0.35922800, -0.13663400, -0.56300900
-1.00000000, -0.00000061, -0.00000054
0.66304260, 0.26811470
-0.35922800, -0.29897600, -0.51951000
-1.00000000, 0.00000089, -0.00000045
0.62515410, 0.27822520
-0.35922800, -0.16847800, -0.59485300
-1.00000000, -0.00000025, -0.00000044
0.65561850, 0.26071490
-0.35922800, -0.21197700, -0.60650800
-1.00000000, 0.00000126, 0.00000214
0.64545890, 0.25799690
-0.35922800, -0.25547600, -0.59485300
-1.00000000, 0.00000173, 0.00000252
0.63529380, 0.26071600
-0.35922800, -0.28732000, -0.56300900
-1.00000000, 0.00000359, 0.00000359
0.62785020, 0.26814810
-0.35922800, -0.28732000, -0.47601100
-1.00000000, 0.00000479, -0.00000479
0.62789060, 0.28832830
-0.35922800, -0.25547700, -0.44416700
-1.00000000, 0.00000106, -0.00000264
0.63528820, 0.29571740
-0.35922800, -0.21197700, -0.43251200
-1.00000000, -0.00000017, -0.00000159
0.64543520, 0.29845120
-0.35922800, -0.16847800, -0.44416700
-1.00000000, -0.00000063, -0.00000093
0.65561220, 0.29574750
-0.35922800, -0.13663400, -0.47601100
-1.00000000, -0.00000056, -0.00000142
0.66305570, 0.28832900
# Number of Faces:
694
# Face Data:
0, 1, 2
1, 0, 3
4, 5, 6
5, 4, 7
8, 9, 10
9, 8, 11
12, 13, 14
13, 12, 15
16, 17, 18
17, 16, 19
17, 19, 20
13, 21, 14
17, 20, 22
10, 23, 24
23, 10, 9
24, 25, 26
25, 24, 27
14, 28, 29
28, 14, 21
26, 30, 31
30, 26, 25
32, 33, 34
33, 32, 35
29, 36, 37
36, 29, 28
38, 39, 40
39, 38, 41
6, 42, 43
42, 6, 5
36, 44, 37
40, 45, 46
45, 40, 39
37, 47, 48
47, 37, 44
45, 49, 46
50, 51, 52
51, 50, 53
54, 55, 56
57, 35, 32
58, 59, 60
59, 58, 61
62, 56, 55
63, 64, 65
64, 63, 66
62, 67, 68
65, 69, 70
69, 65, 64
64, 71, 69
71, 64, 72
73, 74, 75
75, 74, 76
33, 77, 34
35, 78, 79
78, 35, 57
80, 81, 82
60, 83, 84
83, 60, 59
78, 85, 79
82, 81, 86
79, 87, 88
79, 89, 87
79, 85, 89
86, 90, 91
90, 86, 81
92, 93, 94
93, 92, 95
96, 97, 98
97, 96, 99
100, 101, 102
101, 103, 102
76, 80, 82
80, 76, 74
103, 104, 102
104, 103, 105
96, 106, 107
108, 52, 51
52, 108, 109
99, 107, 110
107, 99, 96
111, 66, 112
66, 113, 112
113, 66, 63
114, 2, 1
56, 115, 116
115, 56, 117
92, 118, 119
118, 92, 120
121, 122, 123
123, 122, 124
124, 122, 125
125, 122, 126
127, 128, 129
129, 128, 130
130, 128, 131
68, 118, 132
118, 68, 119
56, 62, 133
134, 114, 135
114, 134, 2
136, 5, 7
5, 136, 137
138, 9, 11
9, 138, 139
140, 141, 142
141, 140, 143
144, 145, 146
145, 144, 147
145, 148, 146
143, 149, 141
145, 150, 148
139, 23, 9
23, 139, 151
151, 25, 27
25, 151, 152
143, 153, 149
153, 143, 154
152, 30, 25
30, 152, 155
156, 157, 158
157, 156, 159
154, 160, 153
160, 154, 161
162, 163, 164
163, 162, 165
137, 42, 5
42, 137, 166
161, 167, 160
165, 168, 163
168, 165, 169
161, 170, 167
170, 161, 171
168, 169, 172
173, 51, 53
51, 173, 174
117, 175, 176
177, 156, 158
59, 178, 179
178, 59, 61
180, 175, 117
181, 182, 183
182, 181, 184
132, 185, 180
184, 186, 182
186, 184, 187
182, 188, 189
188, 182, 186
190, 191, 192
191, 193, 192
159, 194, 157
158, 195, 177
195, 158, 196
197, 198, 199
179, 83, 59
83, 179, 200
196, 201, 195
198, 202, 199
196, 203, 201
196, 204, 203
196, 205, 204
202, 206, 199
206, 202, 207
120, 208, 209
208, 120, 94
206, 210, 211
210, 206, 212
213, 214, 215
215, 214, 216
193, 197, 192
197, 193, 198
216, 217, 218
217, 216, 214
53, 219, 173
219, 53, 220
108, 174, 221
174, 108, 51
211, 222, 206
222, 211, 223
224, 225, 183
183, 226, 181
226, 183, 225
227, 228, 229
228, 230, 229
230, 231, 229
231, 232, 229
233, 234, 235
234, 236, 235
236, 237, 235
41, 38, 238
41, 238, 239
18, 239, 238
239, 18, 17
17, 240, 239
240, 17, 22
164, 241, 162
164, 147, 241
147, 164, 242
242, 145, 147
243, 145, 242
145, 243, 150
244, 206, 222
220, 50, 245
50, 220, 53
115, 1, 116
1, 115, 114
92, 94, 120
133, 62, 68
246, 90, 81
90, 246, 247
206, 248, 249
132, 133, 68
133, 132, 250
250, 56, 133
56, 250, 117
132, 180, 250
250, 180, 117
251, 252, 253
252, 251, 254
254, 255, 252
255, 254, 256
256, 253, 255
253, 256, 251
253, 257, 258
257, 253, 252
252, 259, 257
259, 252, 255
255, 258, 259
258, 255, 253
258, 260, 261
260, 258, 257
257, 262, 260
262, 257, 259
259, 261, 262
261, 259, 258
261, 263, 264
263, 261, 260
260, 265, 263
265, 260, 262
262, 264, 265
264, 262, 261
264, 266, 267
266, 264, 263
263, 268, 266
268, 263, 265
265, 267, 268
267, 265, 264
267, 254, 251
254, 267, 266
266, 256, 254
256, 266, 268
268, 251, 256
251, 268, 267
269, 270, 271
270, 269, 272
273, 272, 269
272, 273, 274
274, 270, 272
270, 274, 275
275, 271, 270
271, 275, 276
276, 269, 271
269, 276, 273
277, 278, 279
278, 277, 280
281, 282, 283
282, 281, 284
285, 280, 277
280, 285, 286
286, 278, 280
278, 286, 287
288, 289, 290
289, 288, 291
292, 277, 279
277, 292, 285
293, 282, 294
282, 293, 286
286, 283, 282
283, 286, 285
285, 295, 283
295, 285, 296
297, 298, 299
298, 297, 300
301, 302, 303
302, 301, 304
305, 300, 297
300, 305, 306
306, 298, 300
298, 306, 307
308, 309, 310
309, 308, 311
312, 297, 299
297, 312, 305
313, 302, 314
302, 313, 306
306, 303, 302
303, 306, 305
305, 315, 303
315, 305, 316
317, 318, 319
318, 317, 320
321, 322, 323
322, 321, 324
325, 326, 327
328, 329, 330
331, 332, 333
334, 335, 336
337, 332, 338
332, 337, 333
339, 340, 341
340, 339, 342
343, 344, 345
344, 343, 346
347, 335, 348
335, 347, 336
349, 350, 351
350, 349, 352
353, 354, 355
354, 353, 356
317, 357, 358
357, 317, 319
321, 359, 360
359, 321, 323
361, 362, 363
362, 361, 364
365, 366, 367
366, 365, 368
367, 366, 369
370, 371, 372
371, 370, 373
366, 374, 369
368, 375, 366
368, 376, 375
368, 377, 376
374, 366, 378
379, 380, 381
380, 379, 382
383, 362, 364
383, 384, 385
384, 383, 364
385, 384, 386
363, 387, 361
387, 363, 388
382, 389, 380
389, 382, 390
391, 392, 393
391, 394, 392
392, 386, 384
392, 395, 386
395, 392, 394
378, 366, 375
396, 397, 398
397, 396, 399
400, 401, 402
401, 400, 403
365, 404, 368
365, 405, 404
365, 406, 405
405, 406, 407
408, 371, 409
371, 408, 372
405, 407, 410
368, 376, 377
368, 411, 376
368, 404, 411
410, 412, 405
413, 380, 414
380, 413, 381
401, 415, 402
415, 416, 402
416, 415, 417
417, 418, 416
403, 419, 420
419, 403, 400
414, 389, 421
389, 414, 380
422, 423, 424
423, 422, 425
422, 416, 418
422, 426, 425
426, 422, 418
412, 427, 405
371, 373, 428
429, 430, 431
430, 429, 432
431, 433, 434
433, 431, 430
434, 435, 436
435, 434, 433
436, 437, 438
437, 436, 435
438, 439, 440
439, 438, 437
440, 441, 442
441, 440, 439
442, 443, 444
443, 442, 441
445, 379, 381
381, 413, 446
447, 448, 449
448, 447, 450
449, 451, 452
451, 449, 448
452, 453, 454
453, 452, 451
454, 455, 456
455, 454, 453
456, 457, 458
457, 456, 455
458, 459, 460
459, 458, 457
460, 461, 462
461, 460, 459
463, 409, 371
464, 465, 466
465, 464, 467
466, 468, 469
468, 466, 465
469, 470, 471
470, 469, 468
471, 472, 473
472, 471, 470
411, 405, 427
405, 411, 404
396, 474, 475
474, 396, 476
399, 477, 478
477, 399, 479
396, 479, 399
479, 396, 475
480, 481, 362
480, 482, 481
401, 483, 484
484, 483, 485
480, 485, 482
485, 480, 484
486, 420, 419
420, 486, 487
388, 488, 387
488, 388, 487
420, 487, 388
489, 490, 491
490, 489, 492
490, 493, 491
493, 490, 494
206, 495, 199
495, 206, 249
247, 496, 90
497, 498, 499
500, 501, 502
503, 504, 505
506, 507, 508
509, 510, 511
512, 513, 514
515, 516, 517
518, 519, 520
521, 522, 523
524, 525, 526
527, 528, 529
528, 527, 530
531, 532, 533
532, 531, 534
527, 535, 536
535, 527, 529
537, 532, 538
532, 537, 533
539, 540, 541
542, 543, 544
545, 546, 547
548, 549, 550
551, 552, 553
554, 555, 556
557, 558, 559
560, 561, 562
563, 564, 565
566, 567, 568
569, 570, 571
572, 573, 574
575, 576, 577
578, 579, 580
581, 582, 583
582, 581, 584
585, 586, 587
586, 585, 588
589, 590, 591
592, 593, 594
595, 596, 597
598, 599, 600
601, 602, 603
604, 605, 606
607, 608, 609
610, 611, 612
613, 614, 615
616, 617, 618
619, 620, 621
622, 623, 624
625, 626, 627
626, 625, 628
629, 630, 631
630, 629, 632
633, 634, 635
634, 633, 636
637, 638, 639
638, 637, 640
641, 642, 643
644, 645, 646
647, 648, 649
650, 651, 652
653, 654, 655
656, 657, 658
659, 660, 661
662, 663, 664
665, 666, 667
668, 669, 670
671, 672, 673
674, 675, 676
677, 678, 679
678, 677, 680
681, 682, 683
682, 681, 684
685, 686, 687
686, 685, 688
687, 689, 690
689, 687, 686
690, 691, 692
691, 690, 689
692, 693, 694
693, 692, 691
694, 695, 696
695, 694, 693
696, 697, 698
697, 696, 695
698, 699, 700
699, 698, 697
701, 702, 703
702, 701, 704
703, 705, 706
705, 703, 702
706, 707, 708
707, 706, 705
708, 709, 710
709, 708, 707
710, 688, 685
688, 710, 709
711, 712, 713
714, 712, 711
715, 712, 714
716, 712, 715
717, 712, 716
718, 712, 719
720, 712, 718
721, 712, 720
722, 712, 721
713, 712, 722
723, 724, 725
725, 724, 726
726, 724, 727
727, 724, 728
728, 724, 729
730, 724, 731
731, 724, 732
732, 724, 733
733, 724, 734
734, 724, 723
735, 736, 737
736, 735, 738
738, 739, 736
739, 738, 740
740, 741, 739
741, 740, 742
742, 743, 741
743, 742, 744
744, 745, 743
745, 744, 746
746, 747, 745
747, 746, 748
748, 749, 747
749, 748, 750
751, 752, 753
752, 751, 754
754, 755, 752
755, 754, 756
756, 757, 755
757, 756, 758
758, 759, 757
759, 758, 760
760, 737, 759
737, 760, 735
761, 762, 763
764, 761, 763
765, 764, 763
766, 765, 763
767, 766, 763
768, 769, 763
770, 768, 763
771, 770, 763
772, 771, 763
762, 772, 763
773, 774, 775
774, 776, 775
776, 777, 775
777, 778, 775
778, 779, 775
780, 781, 775
781, 782, 775
782, 783, 775
783, 784, 775
784, 773, 775
785, 786, 787
786, 785, 788
787, 789, 790
789, 787, 786
790, 791, 792
791, 790, 789
792, 793, 794
793, 792, 791
794, 795, 796
795, 794, 793
796, 797, 798
797, 796, 795
798, 799, 800
799, 798, 797
801, 802, 803
802, 801, 804
803, 805, 806
805, 803, 802
806, 807, 808
807, 806, 805
808, 809, 810
809, 808, 807
810, 788, 785
788, 810, 809
811, 812, 813
814, 812, 811
815, 812, 814
816, 812, 815
817, 812, 816
818, 812, 819
820, 812, 818
821, 812, 820
822, 812, 821
813, 812, 822
823, 824, 825
825, 824, 826
826, 824, 827
827, 824, 828
828, 824, 829
830, 824, 831
831, 824, 832
832, 824, 833
833, 824, 834
834, 824, 823
835, 836, 837
836, 835, 838
838, 839, 836
839, 838, 840
840, 841, 839
841, 840, 842
842, 843, 841
843, 842, 844
844, 845, 843
845, 844, 846
846, 847, 845
847, 846, 848
848, 849, 847
849, 848, 850
851, 852, 853
852, 851, 854
854, 855, 852
855, 854, 856
856, 857, 855
857, 856, 858
858, 859, 857
859, 858, 860
860, 837, 859
837, 860, 835
861, 862, 863
864, 861, 863
865, 864, 863
866, 865, 863
867, 866, 863
868, 869, 863
870, 868, 863
871, 870, 863
872, 871, 863
862, 872, 863
873, 874, 875
874, 876, 875
876, 877, 875
877, 878, 875
878, 879, 875
880, 881, 875
881, 882, 875
882, 883, 875
883, 884, 875
884, 873, 875
