# Project Zomboid Skinned Mesh
# File Version:
1.0
# Model Name:
Vehicles_SmallCar
# Vertex Stride Element Count:
3
# Vertex Stride Size (in bytes):
76
# Vertex Stride Data:
# (Int)    Offset
# (String) Type
0
VertexArray
12
NormalArray
24
TextureCoordArray
# Vertex Count:
624
# Vertex Buffer:
0.31478286, -0.28787887, 0.64810723
0.01046785, -0.99935913, 0.03408917
0.62279427, 0.9767187
0.11605862, -0.29327625, 0.55095112
0.46272165, -0.86434525, 0.19690542
0.56191123, 0.9220278
0.13948911, -0.29327625, 0.54251456
-0.26883754, -0.60838646, -0.74666584
0.56191123, 0.9767187
-0.00075396, -0.28787887, 0.74316561
0.0013123, -0.99938965, 0.03451644
0.63778389, 0.8598564
0.28117278, -0.0938931, 0.58436859
0.5123142, 0.61561936, 0.59874266
0.617392, 0.70776141
-0.00075397, 0.00702978, 0.72183651
0.01025422, 0.31058687, 0.95046848
0.55429947, 0.58821321
-0.00075397, -0.03428975, 0.67164826
-0.03897214, -0.77141637, 0.63509017
0.63270563, 0.58821321
0.20042439, 0.02073182, 0.49486002
0.16705832, 0.97817928, 0.1233253
0.53898591, 0.70881251
0.31478286, -0.28787887, 0.64810723
0.26322216, -0.38584551, 0.88418227
0.67950332, 0.81059539
-0.00075396, -0.18533498, 0.7868008
0.00277718, 0.23880734, 0.97103792
0.8203125, 0.765625
-0.00075396, -0.28787887, 0.74316561
0.00427259, -0.39152196, 0.92013305
0.8203125, 0.8105469
0.33643568, -0.18533498, 0.68668818
0.27268288, 0.3109836, 0.91042817
0.67622322, 0.76480129
0.22002156, -0.18533498, 0.56307143
0.09646901, -0.43443099, -0.89550459
0.55250961, 0.9899185
0.159605, -0.16928092, 0.54584908
0.63982058, -0.5180822, -0.56761378
0.54590392, 0.9220278
0.13948911, -0.29327625, 0.54251456
0.51210058, -0.218482, -0.83062226
0.59770441, 0.44634312
0.34131321, -0.18533498, 0.63855457
0.9295938, -0.0524308, -0.36475724
0.66416711, 0.39913797
0.31478286, -0.28787887, 0.64810723
0.66124457, -0.23734245, -0.71160007
0.66416711, 0.44398272
0.22002156, -0.18533498, 0.56307143
0.59831536, -0.3010956, -0.74251533
0.58744109, 0.39913797
0.33643568, -0.18533498, 0.68668818
0.994232, -0.03613392, 0.1007416
0.68243742, 0.39913797
0.22002156, -0.15322612, 0.5286265
0.09244057, -0.86910611, -0.48585469
0.53929812, 0.9899185
0.32903761, -0.15322614, 0.64297456
0.85308391, 0.26419875, 0.44987336
0.66416711, 0.38509631
-0.00075396, -0.15322612, 0.74316561
0.00140385, 0.60609758, 0.79534286
0.82075441, 0.75140829
0.32903761, -0.15322614, 0.64297456
0.24011964, 0.56630147, 0.78841519
0.67269701, 0.75140829
-0.00075396, -0.12570155, 0.73494256
0.00125126, 0.47566149, 0.87960446
0.8203125, 0.73828131
0.32717925, -0.12570155, 0.63490367
0.25641653, 0.48670918, 0.83504748
0.67225432, 0.73930949
0.22002156, -0.12570155, 0.45509288
0.0273751, -0.99795526, -0.05740532
0.51109391, 0.9899185
0.159605, -0.12570155, 0.45509288
0.6342662, -0.77187413, -0.04339732
0.51109391, 0.9220278
-0.00075396, -0.07978678, 0.69310242
0.00128178, 0.67470318, 0.73805964
0.82075441, 0.7191278
0.3100892, -0.07978678, 0.59658742
0.21958068, 0.67195654, 0.70726645
0.67364651, 0.7191278
0.3491776, -0.17965096, -0.40996662
0.08841212, -0.54420608, -0.83425397
0.1792956, 0.9899186
0.21176957, -0.33342755, -0.38302362
0.36085087, -0.89611501, -0.25830865
0.1896296, 0.9388467
0.21176957, -0.15829453, -0.43733597
0.64873195, -0.60173345, -0.46583453
0.168798, 0.9388467
0.33711225, -0.26276681, -0.38411406
0.14728233, -0.27591786, -0.94979703
0.1892115, 0.9854338
0.22002156, -0.15322687, 0.36664909
0.04342784, -0.82805872, 0.55894649
0.4771708, 0.9899185
0.159605, -0.16928166, 0.35010007
0.65486616, -0.49223304, 0.5734123
0.47082329, 0.9220278
0.22002156, -0.12570155, 0.45509288
0.94964445, -0.122837, 0.28818628
0.54223013, 0.37305897
0.32958043, -0.00262476, 0.31837043
0.93374431, -0.23209326, 0.27240822
0.50900948, 0.32016891
0.20042439, -0.02349347, 0.49616015
0.99902338, -0.03656118, 0.02453688
0.55942512, 0.32836157
0.22002156, -0.15322687, 0.36664909
0.79717398, -0.26334423, 0.54325998
0.50519788, 0.38509673
-0.00075396, 0.01210202, 0.38057628
-0.00155644, 0.97997987, 0.19891964
0.50711793, 0.58821321
0.32958043, -0.00481922, 0.31866416
0.0975982, 0.95461899, 0.2812891
0.49180421, 0.70881251
0.3491776, -0.18533646, 0.33355102
0.0499588, -0.36722922, 0.92876983
0.4644759, 0.9899185
0.33748922, -0.01890151, 0.26797879
0.96441543, 0.17023225, 0.20221564
0.46430039, 0.32635349
0.3491776, -0.18533646, 0.33355102
0.90362257, 0.09063997, 0.41856137
0.4913398, 0.39913863
0.31366411, -0.29327393, 0.3011325
0.20593891, -0.70131534, 0.68242437
0.45204139, 0.9767187
0.159605, -0.34177122, 0.3011325
0.33863339, -0.91152686, 0.23322245
0.45204139, 0.9220278
0.3491776, -0.18533646, 0.27298009
0.99850458, -0.03811762, 0.03894162
0.46597829, 0.39913863
0.33456838, -0.17325421, -0.82453841
0.04391614, 0.62782675, -0.77709281
0.97851562, 0.9316406
-0.00075396, -0.26558414, -0.84094387
-0.01016266, -0.61778617, -0.78624839
0.8203125, 0.9804688
-0.00075396, -0.17325421, -0.8430661
-0.00949126, 0.6336863, -0.77349162
0.8203125, 0.9316406
0.32250229, -0.26558414, -0.82241541
0.04242073, -0.66487622, -0.74571979
0.97265631, 0.9804688
0.31366411, -0.29327393, 0.2599341
0.30030215, -0.95382547, 0.00015259
0.43623951, 0.9767187
0.3491776, -0.13693883, -0.46470535
0.08633687, -0.94802696, -0.30622274
0.1583004, 0.9899186
0.22671761, 0.18280549, 0.00800387
0.04376354, 0.99856561, 0.0298471
0.34770301, 0.6712589
-0.00075396, 0.20110522, -0.27061996
-0.00039674, 0.99957275, -0.02862636
0.23852471, 0.58821321
-0.00075396, 0.19210279, 0.04708474
0.0, 0.95880002, 0.28403577
0.36301669, 0.58821321
0.22671761, 0.19180702, -0.27061996
0.04083376, 0.99905396, -0.01391644
0.23852471, 0.6712589
0.31366411, -0.29343307, -0.25731906
0.37943664, -0.92519915, 0.00439467
0.2378442, 0.9767188
0.31189513, -0.29327393, 0.26654404
0.75734735, -0.65297401, 0.00482192
0.46051571, 0.44634181
0.38145828, -0.26292828, -0.25647092
0.98275703, -0.16544084, 0.0824305
0.2439394, 0.43307132
0.33824417, -0.26276916, 0.25897399
0.90624714, -0.41050446, 0.10080264
0.4605166, 0.43300158
0.31366411, -0.29327089, -0.38302362
0.2018189, -0.51210058, -0.83486432
0.1896296, 0.9767188
0.31366411, -0.29343307, -0.25731906
0.79280984, -0.60942411, -0.00076296
0.24455079, 0.44578362
0.33711225, -0.26276681, -0.38411406
0.9306314, -0.36588642, -0.00045778
0.1908489, 0.43300039
0.33711225, -0.26292828, -0.2573168
0.91531116, -0.40269172, -0.0004883
0.2439394, 0.43307132
0.31366411, -0.29327089, -0.38302362
0.79280984, -0.60945463, -0.00076296
0.19130529, 0.44634062
0.3491776, -0.17965096, -0.40996662
0.99978638, -0.0130314, 0.01464888
0.1800241, 0.39665228
0.3491776, -0.1798124, -0.27131578
0.99911499, -0.0413831, -3.052e-05
0.238078, 0.39672309
0.33711225, -0.01337821, -0.27131578
0.9607532, 0.27716911, 0.01049837
0.2380781, 0.32393807
0.3491776, -0.13693883, -0.46470535
0.99688709, 0.07742546, 0.01345866
0.15710481, 0.3779735
0.3491776, -0.13178392, -0.5662818
0.08941923, -0.97680593, 0.19446394
0.11934, 0.9899186
0.21176957, -0.15130319, -0.59940135
0.64922023, -0.65257728, 0.39069796
0.1066367, 0.9388467
0.33711225, -0.00506392, -0.57284987
0.94622636, 0.32343516, -0.0019837
0.1113281, 0.32363522
0.3491776, -0.13178392, -0.5662818
0.99667346, 0.08105716, -0.0061037
0.114574, 0.37571907
0.33711225, -1.091e-05, -0.75609875
0.82583088, 0.43070772, -0.36393324
0.03515625, 0.32363522
-0.00075396, 0.17112248, -0.61170834
-0.0212714, 0.99575794, -0.0893582
0.1048697, 0.58821321
0.22671761, 0.16182439, -0.59318006
0.04815821, 0.99453717, -0.09244057
0.1121299, 0.67125899
0.3491776, -0.17082159, -0.63252109
0.05035554, -0.30713826, 0.95031589
0.09393343, 0.9899186
0.3491776, -0.17082159, -0.63252109
0.77916807, -0.00112918, 0.62678915
0.08683898, 0.39279097
0.33711225, -0.26772949, -0.66859245
0.10116886, -0.79998171, 0.59138769
0.08009803, 0.9854338
0.21176957, -0.27667165, -0.66859245
0.26035342, -0.95239115, 0.15854366
0.08009803, 0.9388467
0.34732491, -0.16817802, -0.78826004
0.88235116, 0.19733268, -0.42716756
0.02099661, 0.39163512
0.33525959, -0.2757735, -0.77889854
0.03738517, -0.9987182, 0.03372295
0.03778955, 0.9847453
-0.00075396, -0.2757735, -0.797427
-6.104e-05, -0.99996948, -0.00720237
0.03068294, 0.8598565
0.33711225, -0.26772949, -0.66859245
0.99316382, -0.11603137, -0.01174963
0.07173574, 0.43517071
0.33525959, -0.2757735, -0.77889854
0.98181099, -0.122013, -0.14539018
0.02555002, 0.4386887
-0.00075396, 0.0494537, -0.83560455
-0.00643941, 0.88589132, -0.46382031
0.03110858, 0.58821321
0.22671761, 0.15765738, -0.59594631
0.05880917, 0.88769186, -0.45661795
0.1121299, 0.67125899
0.3106246, 0.04501604, -0.81761539
0.03823969, 0.89660329, -0.44111454
0.0383689, 0.70189211
0.3106246, -0.00062953, -0.78141934
0.58101135, 0.47065645, -0.66399121
0.02539063, 0.32363522
0.22671761, 0.16182439, -0.59318006
0.82158881, 0.56749171, -0.05374309
0.1033114, 0.24731821
0.24928324, 0.18280549, -0.00130072
0.87456894, 0.47856075, 0.07776116
0.3550311, 0.23814291
0.22671761, 0.19180702, -0.27061996
0.86480302, 0.50193793, -0.0110477
0.23836949, 0.23420608
0.33456838, -0.17325421, -0.82453841
0.91610461, 0.19837031, -0.34836879
0.0064404, 0.3938548
0.32549822, -0.16817802, -0.78942233
0.04187139, 0.61616868, -0.78646201
0.02099661, 0.39163512
-0.00075396, -0.2757735, -0.797427
-0.00320444, -0.97354043, -0.22843105
0.8203125, 0.984375
0.33525959, -0.2757735, -0.77889854
0.01275674, -0.97274697, -0.23148289
0.97851562, 0.984375
0.32250229, -0.26558414, -0.82241541
0.94277781, -0.130253, -0.30686361
0.0073292, 0.43423271
0.31366411, -0.29327393, 0.3011325
0.85576952, -0.49851984, 0.13818781
0.47776589, 0.44634181
-0.09508693, -0.29327625, 0.58101141
0.77190465, -0.48802149, -0.40733054
0.56191123, 0.797685
-0.03214902, -0.33505934, 0.64449894
-0.46034119, 0.09601123, 0.88250375
0.50758368, 0.797685
-0.16111292, -0.34177122, 0.3011325
-0.33371991, -0.88781399, 0.31681263
0.45204139, 0.797685
0.159605, -0.33505934, 0.44594145
0.72289193, -0.67213964, 0.16000855
0.50758368, 0.9220278
-0.15174235, -0.3205075, -0.5253883
-0.63423568, -0.7619251, -0.13113804
0.13502491, 0.7808664
-0.10832579, -0.27667165, -0.66859245
-0.17899106, -0.98309273, -0.03787347
0.08009803, 0.7808664
0.21176957, -0.3205075, -0.5253883
0.68462175, -0.71523178, -0.14035462
0.13502491, 0.9388467
-0.15174235, -0.33342448, -0.38302362
-0.31592762, -0.90621662, -0.28095341
0.1896296, 0.7808664
0.20049283, -0.34193033, -0.25731906
0.19922483, -0.97979677, -0.01684622
0.2378442, 0.9346555
-0.30363446, -0.28787887, 0.65475798
-0.01355022, -0.9992981, 0.03473006
0.62279427, 0.74299419
-0.23310144, -0.29327625, 0.5125556
0.29663992, -0.74452955, -0.5980407
0.56191123, 0.74299419
-0.29306871, -0.06983868, 0.5762248
-0.49052399, 0.37928402, 0.78450882
0.617392, 0.46866512
-0.33108836, 0.02073182, 0.49486002
-0.16492203, 0.96881008, 0.18485062
0.53898591, 0.46761411
-0.30363446, -0.28787887, 0.65475798
-0.25995666, -0.37687308, 0.88900417
0.96200562, 0.81059539
-0.32956463, -0.18533498, 0.69060421
-0.26966155, 0.30747399, 0.91250342
0.9652856, 0.76480129
-0.25402492, -0.18533498, 0.47481686
0.61915952, 0.52027953, -0.58812219
0.55250961, 0.72979459
-0.07654275, -0.1692809, 0.73400158
-0.28196052, -0.27191991, -0.92007202
0.54590392, 0.797685
-0.23310144, -0.29327625, 0.5125556
-0.86916715, -0.29154333, -0.39939573
0.59770441, 0.2242704
-0.32889628, -0.18533498, 0.64222801
-0.98077333, -0.00161748, -0.19501327
0.66416711, 0.17706537
-0.25402492, -0.18533498, 0.47481686
-0.95471054, -0.28785059, -0.07516709
0.58744109, 0.17706537
-0.30363446, -0.28787887, 0.65475798
-0.90374464, -0.26380199, -0.33704641
0.66416711, 0.22191012
-0.32956463, -0.18533498, 0.69060421
-0.99923706, -0.0361034, -0.01379437
0.68243742, 0.17706537
-0.30072296, -0.15322612, 0.46475899
0.52104253, 0.7599414, -0.38853115
0.53929812, 0.72979459
-0.31720516, -0.15322612, 0.64802682
-0.89898372, 0.26422927, 0.34928435
0.66416711, 0.16302371
-0.31720516, -0.15322612, 0.64802682
-0.23514512, 0.57963806, 0.78017515
0.96881068, 0.75140829
-0.31443575, -0.12570155, 0.64022136
-0.25495163, 0.47547838, 0.84194463
0.96875, 0.73828131
-0.35068554, -0.12570155, 0.45509288
0.19296853, -0.97994936, 0.04907376
0.51109391, 0.72979459
-0.16111292, -0.12570155, 0.45509288
-0.47151098, -0.86931974, 0.14813684
0.51109391, 0.797685
-0.29306871, -0.07978678, 0.60411525
-0.21778008, 0.66389966, 0.71538436
0.96786243, 0.7191278
-0.34492037, -0.17965096, -0.40996662
-0.07766961, -0.47239602, -0.87792593
0.1792956, 0.72979471
-0.33285502, -0.26276681, -0.38411319
-0.09430219, -0.25659963, -0.96188235
0.1892115, 0.73427939
-0.15174235, -0.15829453, -0.43733597
-0.68648332, -0.6161992, -0.38602862
0.168798, 0.7808664
-0.35068554, -0.15322687, 0.36664909
-0.00824, -0.86019468, 0.50987273
0.4771708, 0.72979459
-0.16111292, -0.16928166, 0.35010007
-0.52671897, -0.56501967, 0.63502914
0.47082329, 0.797685
-0.35068554, -0.12570155, 0.45509288
-0.86950284, -0.0577105, 0.49046296
0.54223013, 0.15098631
-0.33108836, -0.00475963, 0.31837043
-0.96807766, 0.24561296, 0.04956206
0.50900948, 0.09809625
-0.35068554, -0.15322687, 0.36664909
-0.9955138, 0.09024324, -0.02826014
0.50519788, 0.16302401
-0.33108836, -0.02349347, 0.49616015
-0.94827116, -0.17221595, 0.26664022
0.55942512, 0.10628903
-0.33108836, -0.00534807, 0.31949401
-0.08163701, 0.98049867, 0.17865536
0.49180421, 0.46761411
-0.35068554, -0.18533646, 0.33355188
-0.02865688, -0.53291422, 0.8456679
0.4644759, 0.72979459
-0.33941838, -0.01890151, 0.26709095
-0.96618551, 0.25458542, 0.04013184
0.46430039, 0.10428089
-0.35068554, -0.18533646, 0.33355188
-0.99880975, -0.04281747, 0.02261421
0.4913398, 0.17706591
-0.31517202, -0.29327393, 0.3011325
-0.20593891, -0.70134586, 0.68239385
0.45204139, 0.74299419
-0.35068554, -0.18533646, 0.27298009
-0.99926758, -0.03103732, 0.02218696
0.46597829, 0.17706591
-0.23112464, -0.17325421, -0.82453841
-0.0643025, 0.63209939, -0.77217931
0.66210938, 0.9316406
-0.21905929, -0.26558414, -0.82241541
-0.0621662, -0.669393, -0.74025697
0.66796881, 0.9804688
-0.31517202, -0.29327393, 0.2599341
-0.29981384, -0.95397806, -0.00173956
0.43623951, 0.74299419
-0.28915042, -0.13693883, -0.4647046
-0.07089449, -0.92730492, -0.36750388
0.1583004, 0.72979471
-0.22822554, 0.18280549, 0.00800464
-0.08386487, 0.96066165, 0.26471755
0.34770301, 0.50516769
-0.22246037, 0.19180702, -0.27061996
-0.04306162, 0.99862665, -0.02883999
0.23852471, 0.50516769
-0.30940685, -0.29343307, -0.25731906
-0.26947844, -0.96288949, -0.01309244
0.2378442, 0.74299419
-0.36302447, -0.26292828, -0.26225781
-0.98229927, -0.18243966, 0.04187139
0.2439394, 0.21099859
-0.3141585, -0.29327393, 0.28283826
-0.74492627, -0.66685992, -0.01812799
0.46051571, 0.22426921
-0.3408666, -0.26276916, 0.25817135
-0.91018403, -0.40455335, 0.08880886
0.4605166, 0.21092898
-0.30940685, -0.29327089, -0.38302362
-0.13882869, -0.54518265, -0.82671589
0.1896296, 0.74299419
-0.30940685, -0.29343307, -0.25731906
-0.79280984, -0.60942411, -0.00076296
0.24455079, 0.22371101
-0.33285502, -0.26276681, -0.38411319
-0.79280984, -0.60942411, -0.00076296
0.1908489, 0.21092772
-0.30940685, -0.29327089, -0.38302362
-0.79280984, -0.60945463, -0.00076296
0.19130529, 0.2242679
-0.33285502, -0.26292828, -0.2573168
-0.79280984, -0.60942411, -0.00076296
0.2439394, 0.21099859
-0.34492037, -0.17965096, -0.40996662
-0.98959321, -0.14368114, -0.00015259
0.1800241, 0.17457968
-0.34492037, -0.1798124, -0.27131578
-0.98959321, -0.14368114, -0.00015259
0.238078, 0.17465037
-0.33285502, -0.01337821, -0.27131578
-0.9308756, 0.30249947, -0.20471816
0.2380781, 0.10186541
-0.28915042, -0.13693883, -0.4647046
-0.93981749, 0.22006898, -0.26136053
0.15710481, 0.15590078
-0.28915042, -0.13178392, -0.5662818
-0.15387432, -0.98013246, 0.12491226
0.11934, 0.72979471
-0.21327747, -0.15130319, -0.59940135
-0.4870449, -0.77730644, 0.398175
0.1066367, 0.7808664
-0.25635993, -0.00506392, -0.57284987
-0.9665212, 0.20520645, -0.15399639
0.1113281, 0.1015625
-0.21643144, -1.091e-05, -0.75609875
-0.80813015, 0.32734153, -0.48957792
0.03515625, 0.1015625
-0.28915042, -0.13178392, -0.5662818
-0.97466964, 0.12509537, -0.18527786
0.114574, 0.15364641
-0.22822554, 0.16182439, -0.59318006
-0.04809717, 0.99462873, -0.09158605
0.1121299, 0.50516769
-0.24573386, -0.17082159, -0.63252109
-0.20447402, -0.30991545, 0.92849511
0.09393343, 0.72979471
-0.24573386, -0.17082159, -0.63252109
-0.84044921, -0.07187109, 0.53706473
0.08683898, 0.17071837
-0.23366851, -0.26772949, -0.66859245
-0.11703848, -0.82195503, 0.55735952
0.08009803, 0.73427939
-0.24388114, -0.16817802, -0.78826004
-0.884579, 0.226722, -0.40748313
0.0216302, 0.1695624
-0.18994299, 0.04501604, -0.81761539
-0.07647938, 0.30069888, -0.95062107
0.67382812, 0.84765629
-0.00075396, -0.11157994, -0.882375
-0.07647938, 0.30069888, -0.95062107
0.8203125, 0.9316406
-0.22205445, -0.1156552, -0.8658548
-0.07647938, 0.30069888, -0.95062107
0.66601562, 0.9316406
-0.00075396, 0.0494537, -0.83560455
-0.01910459, 0.27884763, -0.96011233
0.8203125, 0.84765629
-0.23181579, -0.2757735, -0.77889854
-0.03692739, -0.99874872, 0.03320414
0.03778955, 0.73496819
-0.23366851, -0.26772949, -0.66859245
-0.99316382, -0.11603137, -0.01174963
0.07173574, 0.21309799
-0.23181579, -0.2757735, -0.77889854
-0.98181099, -0.122013, -0.14539018
0.02555002, 0.21661597
-0.22822554, 0.15765738, -0.59594631
-0.07657094, 0.87945187, -0.4697409
0.1121299, 0.50516769
-0.18994299, 0.04501604, -0.81761539
-0.06457716, 0.88506728, -0.46089053
0.0383689, 0.47453481
-0.18994299, -0.00062953, -0.78141934
-0.61479539, 0.36237678, -0.70046085
0.02539063, 0.1015625
-0.22822554, 0.16182439, -0.59318006
-0.97845393, 0.17859432, -0.10348827
0.1033114, 0.02524555
-0.22822554, 0.18280549, 0.00800464
-0.87203586, 0.48933378, 0.00668355
0.3550311, 0.01607025
-0.22246037, 0.19180702, -0.27061996
-0.91689807, 0.37354654, -0.1404767
0.23836949, 0.01213348
-0.22205445, -0.16817802, -0.78977305
-0.01129185, 0.98989838, -0.14127018
0.66601562, 0.9316406
-0.00075396, -0.16817802, -0.80678844
-0.00155644, 0.99032563, -0.13864559
0.8203125, 0.9316406
-0.23181579, -0.2757735, -0.77889854
-0.01867733, -0.97225869, -0.23313089
0.66210938, 0.984375
-0.23112464, -0.17325421, -0.82453841
-0.91586047, 0.19943845, -0.34842983
0.0064404, 0.17178208
-0.21905929, -0.26558414, -0.82241541
-0.94277781, -0.130253, -0.30686361
0.0073292, 0.21215999
-0.31517202, -0.29327393, 0.3011325
-0.84835351, -0.50883514, 0.1460921
0.47776589, 0.22426921
0.22002156, -0.15322612, 0.5286265
0.8572039, -0.2113712, -0.46955779
0.57301903, 0.38509631
0.3100892, -0.07978678, 0.59658742
0.67406231, -0.14999847, -0.72325814
0.64320523, 0.35297978
0.32717925, -0.12570155, 0.63490367
0.96975613, 0.22388378, -0.09704886
0.66072392, 0.37305897
-0.30072296, -0.15322612, 0.46475899
-0.37803277, -0.30042422, 0.87566757
0.57301903, 0.16302371
-0.29306871, -0.07978678, 0.60411525
-0.97634816, -0.10248116, -0.19028291
0.64320523, 0.13090718
-0.31443575, -0.12570155, 0.64022136
-0.95223856, 0.22391431, -0.20746483
0.66072392, 0.15098631
-0.22205445, -0.16817802, -0.78977305
-0.05502487, 0.60533464, -0.79403061
0.02099661, 0.1695624
0.3106246, 0.04501604, -0.81761539
0.05932798, 0.27842036, -0.95861691
0.96679688, 0.84765629
0.32549822, -0.11573918, -0.8655144
0.05307169, 0.28965119, -0.95562607
0.97460938, 0.9316406
0.32549822, -0.16817802, -0.78942233
0.00750755, 0.9899289, -0.14114811
0.97460938, 0.9316406
-0.14032391, -0.34193033, -0.25731906
-0.1332133, -0.99063081, -0.02987762
0.2378442, 0.78511021
-0.323055, -0.25506955, 0.24153745
0.92446667, -0.09964293, 0.36796167
0.96536517, 0.4529953
-0.35511678, -0.17840764, -0.26338828
0.80898464, -0.01129185, -0.58769494
0.81204939, 0.42798913
-0.32129133, -0.1835123, 0.25567859
0.92172003, -0.04528947, 0.3851741
0.96912968, 0.429654
-0.34107578, -0.25521642, -0.25223047
0.83407086, -0.53947568, -0.11499374
0.81608951, 0.45304322
-0.34320724, -0.02460399, -0.2653259
0.79744864, 0.39353618, -0.45735037
0.81204939, 0.37781972
-0.321679, -0.02970791, 0.24999148
0.86864835, 0.41294596, 0.27362895
0.96797317, 0.37948459
-0.33899856, -0.18533646, 0.27298009
0.7010712, -0.06918546, 0.70970792
0.97346318, 0.43024898
-0.33942065, -0.01890151, 0.26708657
0.74251533, 0.47456282, 0.47264016
0.97224319, 0.37595969
-0.36548001, -0.01337823, -0.27607018
0.57148963, 0.53187656, -0.62486649
0.80773097, 0.37415802
-0.3773886, -0.1798124, -0.27413189
0.43620107, -0.04165776, -0.89886165
0.80773091, 0.42844731
-0.34492037, -0.1798124, -0.27131578
0.56703389, -0.05609302, -0.82177192
0.80773091, 0.42844731
-0.31259754, -0.25521642, -0.24386533
0.56703389, -0.05609302, -0.82177192
0.81608951, 0.45304322
-0.33285502, -0.26292828, -0.2573168
0.56703389, -0.05609302, -0.82177192
0.81199342, 0.45555878
-0.36323115, -0.26292828, -0.26225305
0.33350629, -0.94265574, -0.0118717
0.81199342, 0.45555878
-0.33954126, -0.26276916, 0.25522012
0.67906737, -0.16049685, 0.71629995
0.96949148, 0.45550698
-0.37717742, -0.1798124, -0.27414215
-0.98590046, -0.16187018, 0.04202399
0.238078, 0.17465037
-0.36526805, -0.01337823, -0.27607584
-0.99624622, 0.07132176, 0.0487991
0.2380781, 0.10186541
-0.27227473, 0.18280549, -0.00819635
-0.91558582, 0.40134892, 0.02389599
0.3550311, 0.01607025
-0.25618881, 0.19180702, -0.29308146
-0.8836329, 0.46684164, -0.03512681
0.23836949, 0.01213348
-0.43198231, -0.01103283, 0.17313869
0.23728141, -0.05212561, -0.97003084
0.46605581, 0.03576815
-0.33599448, 0.04199919, 0.19376913
0.22220527, -0.02301096, -0.97470015
0.51056057, 0.00803673
-0.33599448, -0.01103283, 0.19376913
0.21011993, 0.0, -0.97766048
0.51056057, 0.03576815
-0.42092708, 0.03497148, 0.17210612
0.25269327, -0.08233894, -0.9640187
0.46605581, 0.0117116
-0.43198231, -0.01103283, 0.17313869
-0.44267097, -0.11929686, 0.888699
0.52082032, 0.03461963
-0.36572984, 0.01548319, 0.20142056
-0.12729271, 0.03604236, 0.99118012
0.57265472, 0.02075392
-0.40356362, 0.01548319, 0.18988059
-0.37110507, 0.13376263, 0.91888177
0.54998708, 0.02075392
-0.33599448, -0.01103283, 0.19376913
0.03729362, -0.23819697, 0.97048861
0.56532508, 0.03461951
-0.33599448, 0.04199919, 0.19376913
0.01287881, 0.26453444, 0.96426284
0.5653252, 0.00688821
-0.42092708, 0.03497148, 0.17210612
-0.46040222, 0.33829767, 0.82070374
0.52082032, 0.01056308
0.31910187, -0.25506955, 0.24386764
-0.9310587, 0.0766625, 0.3566393
0.96536517, 0.4529953
0.37168318, -0.17840764, -0.257043
-0.82601398, -0.01144444, -0.56346321
0.81204939, 0.42798913
0.35858756, -0.25521642, -0.24478948
-0.97045809, 0.1333964, -0.20090334
0.81608951, 0.45304322
0.33013302, -0.1835123, 0.25716263
-0.90545368, 0.003296, 0.42439041
0.96912968, 0.429654
0.35965621, -0.02460398, -0.25801414
-0.81438643, 0.38447219, -0.43461409
0.81204939, 0.37781972
0.31841195, -0.02970791, 0.25240508
-0.87197483, 0.38935515, 0.2966094
0.96797317, 0.37948459
0.3491776, -0.18533646, 0.27298009
-0.63945431, -0.02700888, 0.76833397
0.97346318, 0.43024898
0.3374742, -0.01890151, 0.26801404
-0.70162052, 0.48951688, 0.51774651
0.97224319, 0.37595969
0.38099021, -0.01337822, -0.27051926
-0.47901851, 0.87728506, -0.02969451
0.80773097, 0.37415802
0.39301634, -0.1798124, -0.26954752
-0.50727868, -0.04165776, -0.86074406
0.80773091, 0.42844731
0.31685477, -0.25521642, -0.24386533
-0.56703389, -0.05609302, -0.82177192
0.81608951, 0.45304322
0.3491776, -0.1798124, -0.27131578
-0.56703389, -0.05609302, -0.82177192
0.80773091, 0.42844731
0.33711225, -0.26292828, -0.2573168
-0.56703389, -0.05609302, -0.82177192
0.81199342, 0.45555878
0.33711225, -0.26276916, 0.25993639
-0.67326885, -0.03341777, 0.73860896
0.96949148, 0.45550698
0.39465097, -0.1798124, -0.26941293
0.98602253, -0.14468825, 0.08252205
0.238078, 0.39672309
0.38262782, -0.01337822, -0.27042097
0.95525986, 0.28293711, 0.08603168
0.2380781, 0.32393807
0.27256095, 0.19180702, -0.27895051
0.87618643, 0.47367778, 0.08880886
0.23836949, 0.23420608
0.42952341, -0.01103283, 0.1723718
-0.24646749, -0.05212561, -0.96774191
0.46605581, 0.03576815
0.33373559, 0.04199919, 0.19391207
-0.23145238, -0.02301096, -0.97256386
0.51056057, 0.00803673
0.41845885, 0.03497148, 0.17144418
-0.26181829, -0.08233894, -0.96157718
0.46605581, 0.0117116
0.33373559, -0.01103283, 0.19391207
-0.21936704, 0.0, -0.97561574
0.51056057, 0.03576815
0.42952341, -0.01103283, 0.1723718
0.45109409, -0.11929686, 0.88445693
0.52082032, 0.03461963
0.36354226, 0.01548319, 0.20128104
0.1366924, 0.03604236, 0.9899289
0.57265472, 0.02075392
0.33373559, -0.01103283, 0.19391207
-0.02807703, -0.23819697, 0.97079378
0.56532508, 0.03461951
0.40126476, 0.01548319, 0.18938261
0.37980285, 0.13376263, 0.91531116
0.54998708, 0.02075392
0.33373559, 0.04199919, 0.19391207
-0.00372326, 0.26453444, 0.9643544
0.5653252, 0.00688821
0.41845885, 0.03497148, 0.17144418
0.46818444, 0.33829767, 0.81627858
0.52082032, 0.01056308
0.32422823, -0.17570858, -0.38859555
-0.74080628, 0.49800104, 0.45069736
0.80730158, 0.12438279
0.21196985, -0.31269124, -0.26467812
-0.14169744, 0.97616506, 0.16428113
0.83626717, 0.15773672
0.30555591, -0.29241753, -0.36293057
-0.27176732, 0.60472429, 0.7485885
0.81211972, 0.13129079
0.20557423, -0.17570858, -0.38859555
-0.66707361, 0.56343269, 0.48731956
0.83791733, 0.12438279
-0.00075396, -0.02637789, 0.21160987
0.0, 0.43214208, -0.90179145
0.8911553, 0.2859357
0.34015334, -0.18114538, 0.31966019
-0.65514082, -0.0425428, -0.75426495
0.80319268, 0.31501889
-0.00075396, -0.18114538, 0.31966019
-0.00366222, -0.15274514, 0.98825037
0.8911553, 0.31501889
0.32106134, -0.02637789, 0.19483534
0.49922177, 0.31879634, -0.8056581
0.80811882, 0.28142071
0.32106134, -0.00846274, 0.30247706
-0.62208927, 0.77471238, 0.11310159
0.80811882, 0.32583892
-0.00075396, -0.01486658, 0.38057628
0.00064089, 0.99591053, -0.09012116
0.8911553, 0.34063578
0.32839915, -0.02198675, 0.25814396
-0.1726127, -0.56935334, -0.80373549
0.8062256, 0.29846102
0.22120474, -0.31253913, 0.28877848
-0.15610218, 0.72151858, -0.67455059
0.83388442, 0.30670673
0.30555591, -0.29242069, 0.27685922
-0.43791008, 0.72191536, -0.53575242
0.81211972, 0.30349851
0.34015334, -0.18114538, 0.26196131
-0.24060793, -0.0118717, -0.97051913
0.80319262, 0.29948848
0.22085081, 0.17090318, 0.00955227
0.40949735, -0.74260688, 0.52989286
0.83397561, 0.23154938
-0.00075396, 0.18840362, -0.2558572
0.00039674, -0.99935913, 0.03521836
0.8911553, 0.16011089
0.22085081, 0.17951173, -0.2558572
0.43717766, -0.85345012, 0.28366953
0.83397561, 0.16011089
-0.00075396, 0.19210279, 0.04708474
0.0, -0.9987182, 0.05017243
0.8911553, 0.24165177
0.30555591, -0.29257205, -0.24318805
-0.54600668, 0.83135474, 0.10327464
0.81211972, 0.16352111
0.34015334, -0.17586371, -0.25652063
-0.11197241, 0.18619342, 0.97610402
0.80319268, 0.15993232
0.32839841, -0.0167044, -0.25652063
-0.07235938, -0.06115909, 0.99548328
0.8062256, 0.15993237
0.32422823, -0.09930678, -0.52862883
-0.67665637, 0.72170174, 0.14581744
0.8073017, 0.08669108
0.19229436, -0.09930678, -0.52862883
-0.18823817, 0.92587054, 0.32758567
0.84134388, 0.08669108
-0.00075396, 0.15973148, -0.60062772
0.00018311, -0.99633777, 0.08536027
0.8911553, 0.06731164
0.22085081, 0.15083952, -0.58297819
-0.54448074, -0.83553576, 0.07321391
0.83397561, 0.07206225
0.30259478, -0.00451331, -0.7622894
-0.98733485, -0.15604115, 0.02810755
0.81288368, 0.02379823
0.32771593, -0.16473764, -0.76935941
-0.98733485, -0.15604115, 0.02810755
0.80640173, 0.02189529
-0.00075396, 0.05133642, -0.82337022
0.00653096, -0.90697956, 0.42103335
0.7912693, 0.26473588
0.22085081, 0.14342895, -0.59003145
-0.05734428, -0.90884119, 0.41315958
0.70950472, 0.33558792
-0.00075396, 0.15702435, -0.604375
0.0, -0.90060121, 0.43461409
0.71184492, 0.26473588
0.30259478, 0.04625676, -0.80646753
-0.03747673, -0.91683704, 0.39744255
0.78706241, 0.36147279
0.30259478, -0.00451331, -0.7622894
-0.91564685, -0.39478743, -0.07538072
0.78706241, 0.36147279
0.32422823, -0.09930678, -0.52862883
-0.91564685, -0.39478743, -0.07538072
0.73154747, 0.42272961
0.22085081, 0.15083952, -0.58297819
-0.91564685, -0.39478743, -0.07538072
0.70950472, 0.33558792
-0.14554779, -0.28852916, -0.50310981
0.55360574, 0.62453079, 0.55085909
0.94439328, 0.09355968
-0.14974004, -0.31269124, -0.26468042
0.1287576, 0.9731437, 0.19071017
0.94547522, 0.157736
0.205575, -0.28852916, -0.50311053
-0.59590441, 0.56520277, 0.57042146
0.83791733, 0.09355968
-0.31997105, -0.17570858, -0.38859555
0.76061279, 0.35346538, 0.54448074
0.97500902, 0.12438267
-0.14555016, -0.17570858, -0.38859555
0.69588304, 0.6085391, 0.38126773
0.94439387, 0.12438279
-0.30129865, -0.29241753, -0.36293057
0.36915189, 0.62257761, 0.68996245
0.97019088, 0.13129091
-0.34166124, -0.18114538, 0.31966019
0.66673785, -0.06176946, -0.74269843
0.97911787, 0.31501877
-0.32256925, -0.02637789, 0.19483534
-0.49922177, 0.31879634, -0.8056581
0.97419178, 0.28142071
-0.32256925, -0.00846274, 0.30247706
0.6380505, 0.76909697, 0.03671377
0.97419178, 0.32583892
-0.32990628, -0.02198675, 0.25814396
0.17126988, -0.56477553, -0.80724508
0.97608501, 0.29846102
-0.18311536, -0.31253913, 0.28877848
0.06939909, 0.79555649, -0.60185552
0.93820912, 0.30670673
-0.34166124, -0.18114538, 0.26196131
0.24738304, 0.16089359, -0.95544297
0.97911787, 0.29948848
-0.22235875, 0.17090318, 0.00955227
-0.41932431, -0.73714405, 0.52983183
0.94833499, 0.23154938
-0.21659358, 0.17951173, -0.2558572
-0.42521438, -0.85171056, 0.30613115
0.94833499, 0.16011089
-0.30129865, -0.29257205, -0.24318805
0.52882475, 0.84807885, 0.03286843
0.97019088, 0.16352111
-0.33589607, -0.17586371, -0.25652063
0.10470901, 0.09006012, 0.99038666
0.97911787, 0.15993232
-0.32414111, -0.0167044, -0.25652063
-0.00100711, -0.07412946, 0.99722284
0.97608501, 0.15993237
-0.2642011, -0.09930678, -0.52862793
0.64088869, 0.71669668, 0.27491075
0.97500902, 0.08669114
-0.19380465, -0.09930678, -0.52862883
0.16080202, 0.95986813, 0.22974333
0.94096732, 0.08669108
-0.22235875, 0.15083952, -0.58297819
0.62782675, -0.77623826, 0.05694754
0.94833499, 0.07206225
-0.22427291, -0.16473764, -0.76952624
0.93920714, -0.25849178, 0.22586749
0.97590899, 0.02185023
-0.18191317, -0.00451331, -0.7622894
0.93920714, -0.25849178, 0.22586749
0.96942669, 0.02379823
-0.18191317, 0.04625676, -0.80646753
0.08386487, -0.33924374, 0.93694878
0.96942669, 0.02379823
-0.00075396, -0.10023274, -0.87572563
0.08697775, -0.33582568, 0.9378643
0.8911553, 0.01729357
-0.00075396, 0.05133642, -0.82337022
0.09686575, -0.32493058, 0.94073308
0.8911553, 0.0190475
-0.22427291, -0.10510533, -0.85951215
0.0753502, -0.34849086, 0.93426311
0.97590899, 0.02185023
-0.22235875, 0.14342895, -0.59003145
0.07550279, -0.9009369, 0.42728966
0.70950431, 0.19388372
-0.18191317, 0.04625676, -0.80646753
0.06445509, -0.90581989, 0.41871396
0.78706199, 0.16799909
-0.18191317, -0.00451331, -0.7622894
0.95037693, -0.09457686, 0.2963042
0.78706199, 0.16799909
-0.22235875, 0.15083952, -0.58297819
0.95037693, -0.09457686, 0.2963042
0.70950431, 0.19388372
-0.2642011, -0.09930678, -0.52862793
0.95037693, -0.09457686, 0.2963042
0.73154747, 0.10674173
-0.30706382, -0.29242069, 0.27685922
0.45637378, 0.74700153, -0.48335215
0.97019088, 0.30349851
0.30259478, 0.04625676, -0.80646753
-0.05362102, -0.33384198, 0.94106877
0.81288368, 0.02379823
0.32771593, -0.10515334, -0.85935235
-0.05188147, -0.33695486, 0.94006163
0.80640173, 0.02189529
0.32958043, -0.00741001, 0.31837043
-0.36408582, 0.92117071, 0.13711967
0.80592072, 0.33011669
0.22671761, 0.18280549, 0.00800387
0.80208749, -0.32761618, 0.49928281
0.83246201, 0.23113269
0.33711225, -0.01890152, 0.26897278
0.78817105, -0.08355968, -0.60972929
0.80397731, 0.30137569
0.3491776, -0.18533646, 0.27298009
0.66231269, -0.13129063, -0.73760188
0.80086398, 0.30245441
0.33711225, -0.26276916, 0.25993639
-0.72643209, 0.51054412, -0.46000549
0.80397731, 0.2989434
0.33711225, -0.26292828, -0.2573168
0.12598041, 0.35996583, 0.92440563
0.80397731, 0.15971798
0.3491776, -0.1798124, -0.27131578
0.85464036, 0.00985748, 0.51908934
0.80086398, 0.15595001
0.33711225, -0.01337821, -0.27131578
0.80990022, 0.24219489, 0.53416544
0.80397731, 0.15595013
0.22671761, 0.19180702, -0.27061996
0.90371412, 0.07486191, 0.42146063
0.83246201, 0.15613753
-0.22822554, 0.18280549, 0.00800464
-0.80214852, -0.33643603, 0.49330118
0.94984859, 0.23113269
-0.22246037, 0.19180702, -0.27061996
-0.90792567, 0.06872769, 0.41340372
0.94984859, 0.15613753
-0.33285502, -0.01337821, -0.27131578
-0.81203651, 0.24024171, 0.53181553
0.97833341, 0.15595013
-0.34492037, -0.1798124, -0.27131578
-0.85934019, 0.06228828, 0.50752282
0.98144662, 0.15595001
-0.33285502, -0.26292828, -0.2573168
-0.31580552, 0.11282693, 0.94207585
0.97833341, 0.15971798
-0.33862019, -0.26276916, 0.25993639
0.70632041, 0.43134862, -0.56126589
0.97833341, 0.2989434
-0.35068554, -0.18533646, 0.27298009
-0.77538377, 0.01080355, -0.63136691
0.98144662, 0.30245441
-0.33862019, -0.01890152, 0.26897278
-0.78652304, -0.08343761, -0.61186558
0.97833341, 0.30137569
-0.33108836, -0.00475963, 0.31837043
0.46598712, 0.88369393, 0.0438551
0.97638988, 0.33011669
-0.24573386, -0.17082159, -0.63252109
0.98773158, -0.02853481, 0.15344706
0.98144662, 0.05872703
-0.24388114, -0.16817802, -0.78826004
0.1861629, -0.98239082, -0.01443525
0.98096842, 0.01680803
-0.00075396, -0.16473764, -0.78645611
0.00207526, -0.9859615, 0.1668447
0.8911553, 0.01729357
-0.00075396, -0.16817802, -0.80678844
0.0021363, -0.9859615, 0.16681418
0.8911553, 0.01182079
0.34732491, -0.16817802, -0.78826004
-0.13525803, -0.97042757, 0.19989623
0.80134219, 0.01680803
0.3491776, -0.17082159, -0.63252109
-0.9416486, -0.33646658, 0.00546281
0.80086398, 0.05872703
0.22132333, 0.01658287, 0.19199181
0.49800104, 0.81301308, 0.30158392
0.7290383, 0.04162425
0.13052583, -0.00104344, 0.19695909
0.1068453, -0.5074923, 0.85497606
0.76120633, 0.04346019
0.21256432, -0.00104344, 0.19695909
-0.1068453, -0.5074923, 0.85497606
0.73214149, 0.04346019
0.12176682, 0.01658287, 0.19199181
-0.49800104, 0.81301308, 0.30158392
0.76430953, 0.04162425
0.13052583, 0.00646068, 0.17673014
0.1068453, 0.17285684, -0.97912532
0.76120633, 0.03598422
0.21256432, 0.00646068, 0.17673014
-0.10681479, 0.17285684, -0.97912532
0.73214149, 0.03598422
0.08950742, -0.06601714, 0.17285644
0.20300913, -0.34052554, 0.91802728
0.77573872, 0.03455257
0.07198857, -0.06226542, 0.16274273
-1.0, 0.0, 0.0
0.78194511, 0.03081453
0.08950742, -0.0585137, 0.15262826
0.20297861, 0.34052554, -0.91802728
0.77573872, 0.02707654
0.13052662, -0.13099162, 0.14875457
0.1068453, -0.17285684, 0.97912532
0.76120633, 0.0256449
0.12176682, -0.14111382, 0.13349365
-0.49800104, -0.81301308, -0.30158392
0.76430953, 0.02000481
0.13052662, -0.12348745, 0.1285256
0.1068453, 0.5074923, -0.85497606
0.76120633, 0.01816893
0.21256432, -0.13099162, 0.14875457
-0.1068453, -0.17285684, 0.97912532
0.73214138, 0.0256449
0.22132333, -0.14111382, 0.13349365
0.49800104, -0.81301308, -0.30158392
0.7290383, 0.02000481
0.21256432, -0.12348745, 0.1285256
-0.1068453, 0.5074923, -0.85497606
0.73214138, 0.01816893
0.25358358, -0.06601714, 0.17285644
-0.20297861, -0.34055606, 0.91802728
0.71760899, 0.03455257
0.27110159, -0.06226542, 0.16274273
1.0, 0.0, 0.0
0.7114026, 0.03081453
0.25358358, -0.0585137, 0.15262826
-0.20297861, 0.34052554, -0.91802728
0.71760899, 0.0270766
0.18333568, -0.06137658, 0.16020271
0.81740773, 0.19757684, -0.54109317
0.74249679, 0.02987593
0.15994135, -0.06137658, 0.16020271
-0.81740773, 0.19757684, -0.54109317
0.75078511, 0.02987593
0.17163849, -0.05065973, 0.16411738
0.0, 0.96456802, -0.26377147
0.74664098, 0.0313226
0.17163849, -0.07209416, 0.15628801
0.0, -0.56755275, -0.82329786
0.74664098, 0.02842927
0.18333568, -0.12239391, 0.32732344
1.0, 0.0, 0.0
0.74249679, 0.09163976
0.17163849, -0.11167628, 0.33123812
0.0, 0.93932921, 0.34293649
0.74664098, 0.09308648
0.15994135, -0.12239391, 0.32732344
-1.0, 0.0, 0.0
0.75078511, 0.09163976
0.17163849, -0.1331107, 0.32340953
0.0, -0.93932921, -0.34293649
0.74664098, 0.09019303
0.2419681, 0.01101479, -0.11645645
0.56535536, 0.57103181, 0.59520251
0.75626421, 0.48439831
-0.1819409, 0.0201207, -0.16797636
-0.61262858, 0.78005308, 0.12720114
0.94847548, 0.46985441
-0.1819409, 0.01101479, -0.11645645
-0.55662709, 0.57710499, 0.5975219
0.94044322, 0.48439878
0.2419681, 0.0201207, -0.16797636
0.61839658, 0.77385783, 0.13675344
0.7482335, 0.46985388
0.26621041, -0.29895711, 0.13378866
0.0, 0.19269387, 0.98123109
0.74409783, 0.69239759
-0.26771829, -0.22942863, 0.12013487
-0.65977967, 0.6082949, 0.44114506
0.95260233, 0.66403031
-0.26771829, -0.29895711, 0.13378866
0.0, 0.19269387, 0.98123109
0.95260233, 0.6923981
0.26621041, -0.22942863, 0.12013409
0.58821374, 0.62446976, 0.5137791
0.74409932, 0.66402999
0.26621041, -0.22942863, -0.09234146
0.89675587, 0.37748346, 0.23084201
0.74407029, 0.57896361
-0.20618317, -0.22942863, -0.09234146
-0.85457933, 0.5030061, 0.1289407
0.95263219, 0.5789645
-0.20618317, -0.29895711, -0.14386134
-0.99334699, 0.06848353, -0.09241004
0.9803136, 0.59874299
-0.20618317, -0.29895711, -0.14386134
0.0, -0.0753502, -0.99713129
0.58283073, 0.08831573
0.2419681, 0.0201207, -0.16797636
0.0, -0.0753502, -0.99713129
0.69623673, 0.00896919
0.26621041, -0.29895711, -0.14386134
0.0, -0.0753502, -0.99713129
0.70163071, 0.08831573
-0.1819409, 0.0201207, -0.16797636
0.0, -0.0753502, -0.99713129
0.58822459, 0.00896919
0.26621041, -0.29895711, -0.14386134
0.99237037, 0.08542131, -0.08862575
0.71638751, 0.59874061
-0.20618317, -0.29895711, -0.14386134
-0.95577866, 0.13855404, -0.25928527
0.98047602, 0.55834851
-0.26771829, -0.29895711, 0.13378866
-0.97540206, -0.04245125, -0.21616261
0.98043591, 0.6695067
0.26621041, -0.29895711, 0.13378866
1.0, 0.0, 0.0
0.71626592, 0.66950601
0.26621041, -0.29895711, -0.14386134
0.99996948, 0.0, 0.0
0.71622628, 0.55834779
0.18331365, 0.01101479, -0.46253371
0.57115388, 0.56624043, 0.59422588
0.75626421, 0.48439831
-0.18482156, 0.0201207, -0.51405364
-0.69438767, 0.70525223, 0.14276558
0.94847548, 0.46985441
-0.18482156, 0.01101479, -0.46253371
-0.65321815, 0.48896757, 0.57805109
0.94044322, 0.48439878
0.18331365, 0.0201207, -0.51405364
0.62251657, 0.77065343, 0.13620411
0.7482335, 0.46985388
0.21599983, -0.30830163, -0.26205549
0.00018311, 0.07318339, 0.99731439
0.74409783, 0.69239759
-0.16063125, -0.22942863, -0.26777107
-0.63582265, 0.56300545, 0.52790916
0.95260233, 0.66403031
-0.15196562, -0.30830163, -0.26148245
0.00152593, 0.07962279, 0.99679554
0.95260233, 0.6923981
0.22285709, -0.22942863, -0.26777107
0.64745015, 0.56233406, 0.51432842
0.74409932, 0.66402999
0.20169705, -0.22942863, -0.43841952
0.88860744, 0.39957884, 0.22501297
0.74407029, 0.57896361
-0.14167064, -0.22942863, -0.43841952
-0.8743248, 0.34647664, 0.33979309
0.95263219, 0.5789645
-0.14167064, -0.28385073, -0.48993936
-0.98232979, -0.12866604, 0.13589892
0.9803136, 0.59874299
-0.14167064, -0.28385073, -0.48993936
0.0, -0.07907346, -0.99685657
0.58283073, 0.08831573
0.18331365, 0.0201207, -0.51405364
0.0, -0.07907346, -0.99685657
0.69623673, 0.00896919
0.20169705, -0.28385073, -0.48993936
0.0, -0.07907346, -0.99685657
0.70163071, 0.08831573
-0.18482156, 0.0201207, -0.51405364
0.0, -0.07907346, -0.99685657
0.58822459, 0.00896919
0.20169705, -0.28385073, -0.48993936
0.99615467, 0.0672628, -0.05560473
0.71638751, 0.59874061
-0.14167064, -0.28385073, -0.48993936
-0.99563587, 0.02230903, -0.09042634
0.98047602, 0.55834851
-0.15196562, -0.30830163, -0.26148245
-0.99188209, -0.11349834, -0.05682547
0.98043591, 0.6695067
0.21599983, -0.30830163, -0.26205549
0.99221778, -0.06170843, -0.10806604
0.71626592, 0.66950601
0.20169705, -0.28385073, -0.48993936
0.99691761, 0.05374309, -0.05679495
0.71622628, 0.55834779
0.34766608, -0.28886831, -0.66914201
0.0, 0.0, -1.0
0.52637392, 0.21288002
0.25803536, -0.21775301, -0.65008628
0.0, 0.49998474, -0.86602372
0.51223946, 0.22084534
0.34766608, -0.21775301, -0.65008628
0.0, 0.49998474, -0.86602372
0.52637392, 0.22084534
0.25803536, -0.28886831, -0.66914201
0.0, 0.0, -1.0
0.51223946, 0.21288002
0.25803536, -0.1656934, -0.59802675
0.0, 0.86602372, -0.49998474
0.51223946, 0.22881067
0.34766608, -0.1656934, -0.59802675
0.0, 0.86602372, -0.49998474
0.52637392, 0.22881067
0.25803536, -0.14663771, -0.52691144
0.0, 1.0, 0.0
0.51223946, 0.23677599
0.34766608, -0.14663771, -0.52691144
0.0, 1.0, 0.0
0.52637392, 0.23677599
0.25803536, -0.1656934, -0.45579612
0.0, 0.86602372, 0.49998474
0.51223946, 0.2447412
0.34766608, -0.1656934, -0.45579612
0.0, 0.86602372, 0.49998474
0.52637392, 0.2447412
0.25803536, -0.21775299, -0.40373653
0.0, 0.49998474, 0.86602372
0.51223946, 0.25270653
0.34766608, -0.21775299, -0.40373653
0.0, 0.49998474, 0.86602372
0.52637392, 0.25270653
0.25803536, -0.28886831, -0.38468084
0.0, 0.0, 1.0
0.51223946, 0.26067185
0.34766608, -0.28886831, -0.38468084
0.0, 0.0, 1.0
0.52637392, 0.26067185
0.25803536, -0.35998359, -0.40373653
0.0, -0.49998474, 0.86602372
0.51223946, 0.26863718
0.34766608, -0.35998359, -0.40373653
0.0, -0.49998474, 0.86602372
0.52637392, 0.26863718
0.25803536, -0.41204321, -0.45579612
0.0, -0.86602372, 0.49998474
0.51223946, 0.27660245
0.34766608, -0.41204321, -0.45579612
0.0, -0.86602372, 0.49998474
0.52637392, 0.27660245
0.25803536, -0.43109888, -0.52691144
0.0, -1.0, 0.0
0.51223946, 0.28456777
0.34766608, -0.43109888, -0.52691144
0.0, -1.0, 0.0
0.52637392, 0.28456777
0.25803536, -0.41204321, -0.59802669
0.0, -0.96591085, -0.25879696
0.51223946, 0.29253304
0.34766608, -0.41204321, -0.59802669
0.0, -0.96591085, -0.25879696
0.52637392, 0.29253304
0.34766608, -0.41204321, -0.59802669
0.0, -0.70708334, -0.70708334
0.52637392, 0.19694936
0.25803536, -0.35998359, -0.65008628
0.0, -0.49998474, -0.86602372
0.51223946, 0.20491469
0.34766608, -0.35998359, -0.65008628
0.0, -0.49998474, -0.86602372
0.52637392, 0.20491469
0.25803536, -0.41204321, -0.59802669
0.0, -0.70708334, -0.70708334
0.51223946, 0.19694936
0.34766608, -0.21775301, -0.65008628
0.99996948, 0.0, 0.0
0.11137488, 0.39731199
0.34766608, -0.28886831, -0.52691144
0.99996948, 0.0, 0.0
0.13239154, 0.43371385
0.34766608, -0.28886831, -0.66914201
1.0, 0.0, 0.0
0.13239154, 0.39168054
0.34766608, -0.1656934, -0.59802675
1.0, 0.0, 0.0
0.09598964, 0.4126972
0.34766608, -0.14663771, -0.52691144
1.0, 0.0, 0.0
0.09035823, 0.43371385
0.34766608, -0.1656934, -0.45579612
0.99996948, 0.0, 0.0
0.09598964, 0.45473051
0.34766608, -0.21775299, -0.40373653
0.99996948, 0.0, 0.0
0.11137488, 0.47011578
0.34766608, -0.28886831, -0.38468084
1.0, 0.0, 0.0
0.13239154, 0.47574717
0.34766608, -0.35998359, -0.40373653
1.0, 0.0, 0.0
0.1534082, 0.47011578
0.34766608, -0.41204321, -0.45579612
1.0, 0.0, 0.0
0.16879344, 0.45473051
0.34766608, -0.43109888, -0.52691144
1.0, 0.0, 0.0
0.17442483, 0.43371385
0.34766608, -0.41204321, -0.59802669
1.0, 0.0, 0.0
0.16879344, 0.4126972
0.34766608, -0.35998359, -0.65008628
1.0, 0.0, 0.0
0.15340823, 0.39731199
0.25803536, -0.28886831, -0.66914201
-1.0, 0.0, 0.0
0.13239154, 0.39230061
0.25803536, -0.28886831, -0.52691144
-0.99996948, 0.0, 0.0
0.13239154, 0.43433392
0.25803536, -0.21775301, -0.65008628
-0.99996948, 0.0, 0.0
0.11137488, 0.39793205
0.25803536, -0.1656934, -0.59802675
-1.0, 0.0, 0.0
0.09598964, 0.41331732
0.25803536, -0.14663771, -0.52691144
-1.0, 0.0, 0.0
0.09035823, 0.43433392
0.25803536, -0.1656934, -0.45579612
-0.99996948, 0.0, 0.0
0.09598964, 0.45535064
0.25803536, -0.21775299, -0.40373653
-0.99996948, 0.0, 0.0
0.11137488, 0.47073591
0.25803536, -0.28886831, -0.38468084
-1.0, 0.0, 0.0
0.13239154, 0.47636724
0.25803536, -0.35998359, -0.40373653
-1.0, 0.0, 0.0
0.1534082, 0.47073591
0.25803536, -0.41204321, -0.45579612
-1.0, 0.0, 0.0
0.16879344, 0.45535064
0.25803536, -0.43109888, -0.52691144
-1.0, 0.0, 0.0
0.17442483, 0.43433392
0.25803536, -0.41204321, -0.59802669
-1.0, 0.0, 0.0
0.16879344, 0.41331732
0.25803536, -0.35998359, -0.65008628
-1.0, 0.0, 0.0
0.15340823, 0.39793205
-0.20430383, -0.28022018, -0.65138805
0.27747428, 0.0, -0.96072268
0.52637392, 0.21288002
-0.30731529, -0.22783284, -0.6613065
0.14716025, 0.49049348, -0.85891294
0.51223946, 0.22084534
-0.22283858, -0.21045442, -0.63690686
0.14716025, 0.49049348, -0.85891294
0.52637392, 0.22084534
-0.28878054, -0.29759863, -0.67578769
0.27747428, 0.0, -0.96072268
0.51223946, 0.21288002
-0.33145872, -0.17676117, -0.61409235
-0.02255318, 0.84957427, -0.5269326
0.51223946, 0.22881067
-0.24698201, -0.15938275, -0.58969265
-0.02255318, 0.84957427, -0.5269326
0.52637392, 0.22881067
-0.35474211, -0.15806708, -0.54679507
-0.18625446, 0.98101747, -0.05377361
0.51223946, 0.23677599
-0.2702654, -0.14068864, -0.52239543
-0.18625446, 0.98101747, -0.05377361
0.52637392, 0.23677599
-0.37092629, -0.17676115, -0.47744733
-0.30005798, 0.84957427, 0.43375957
0.51223946, 0.2447412
-0.28644961, -0.15938273, -0.45304769
-0.30005798, 0.84957427, 0.43375957
0.52637392, 0.2447412
-0.37567493, -0.22783282, -0.4246313
-0.33344522, 0.49049348, 0.80510879
0.51223946, 0.25270653
-0.29119822, -0.2104544, -0.4002316
-0.33344522, 0.49049348, 0.80510879
0.52637392, 0.25270653
-0.36771572, -0.2975986, -0.40249777
-0.27747428, 0.0, 0.96072268
0.51223946, 0.26067185
-0.28323901, -0.28022018, -0.37809807
-0.27747428, 0.0, 0.96072268
0.52637392, 0.26067185
-0.34918097, -0.36736438, -0.41697896
-0.14716025, -0.49049348, 0.85891294
0.51223946, 0.26863718
-0.26470426, -0.34998596, -0.39257926
-0.14716025, -0.49049348, 0.85891294
0.52637392, 0.26863718
-0.32503754, -0.41843608, -0.46419314
0.02255318, -0.84957427, 0.5269326
0.51223946, 0.27660245
-0.24056083, -0.40105766, -0.43979347
0.02255318, -0.84957427, 0.5269326
0.52637392, 0.27660245
-0.30175415, -0.43713015, -0.53149039
0.18625446, -0.98101747, 0.05377361
0.51223946, 0.28456777
-0.21727744, -0.41975173, -0.50709075
0.18625446, -0.98101747, 0.05377361
0.52637392, 0.28456777
-0.28556994, -0.41843608, -0.60083812
0.25174719, -0.94756919, -0.19666128
0.51223946, 0.29253304
-0.20109324, -0.40105766, -0.57643843
0.25174719, -0.94756919, -0.19666128
0.52637392, 0.29253304
-0.20109324, -0.40105766, -0.57643843
0.32792139, -0.69368571, -0.64128542
0.52637392, 0.19694936
-0.28082132, -0.36736441, -0.65365416
0.33344522, -0.49049348, -0.80510879
0.51223946, 0.20491469
-0.19634461, -0.34998596, -0.62925452
0.33344522, -0.49049348, -0.80510879
0.52637392, 0.20491469
-0.28556994, -0.41843608, -0.60083812
0.32792139, -0.69368571, -0.64128542
0.51223946, 0.19694936
-0.22283858, -0.21045442, -0.63690686
0.94247264, 0.19388409, 0.27219459
0.11137488, 0.39731199
-0.24377142, -0.28022018, -0.51474309
0.94247264, 0.19388409, 0.27219459
0.13239154, 0.43371385
-0.20430383, -0.28022018, -0.65138805
0.94247264, 0.19388409, 0.27219459
0.13239154, 0.39168054
-0.24698201, -0.15938275, -0.58969265
0.94247264, 0.19388409, 0.27219459
0.09598964, 0.4126972
-0.2702654, -0.14068864, -0.52239543
0.94247264, 0.19388409, 0.27219459
0.09035823, 0.43371385
-0.28644961, -0.15938273, -0.45304769
0.94247264, 0.19388409, 0.27219459
0.09598964, 0.45473051
-0.29119822, -0.2104544, -0.4002316
0.94247264, 0.19388409, 0.27219459
0.11137488, 0.47011578
-0.28323901, -0.28022018, -0.37809807
0.94247264, 0.19388409, 0.27219459
0.13239154, 0.47574717
-0.26470426, -0.34998596, -0.39257926
0.94247264, 0.19388409, 0.27219459
0.1534082, 0.47011578
-0.24056083, -0.40105766, -0.43979347
0.94247264, 0.19388409, 0.27219459
0.16879344, 0.45473051
-0.21727744, -0.41975173, -0.50709075
0.94247264, 0.19388409, 0.27219459
0.17442483, 0.43371385
-0.20109324, -0.40105766, -0.57643843
0.94247264, 0.19388409, 0.27219459
0.16879344, 0.4126972
-0.19634461, -0.34998596, -0.62925452
0.94247264, 0.19388409, 0.27219459
0.15340823, 0.39731199
-0.28878054, -0.29759863, -0.67578769
-0.94247264, -0.19388409, -0.27219459
0.13239154, 0.39168054
-0.32824811, -0.2975986, -0.53914273
-0.94247264, -0.19388409, -0.27219459
0.13239154, 0.43371385
-0.30731529, -0.22783284, -0.6613065
-0.94247264, -0.19388409, -0.27219459
0.11137488, 0.39731199
-0.33145872, -0.17676117, -0.61409235
-0.94247264, -0.19388409, -0.27219459
0.09598964, 0.4126972
-0.35474211, -0.15806708, -0.54679507
-0.94247264, -0.19388409, -0.27219459
0.09035823, 0.43371385
-0.37092629, -0.17676115, -0.47744733
-0.94247264, -0.19388409, -0.27219459
0.09598964, 0.45473051
-0.37567493, -0.22783282, -0.4246313
-0.94247264, -0.19388409, -0.27219459
0.11137488, 0.47011578
-0.36771572, -0.2975986, -0.40249777
-0.94247264, -0.19388409, -0.27219459
0.13239154, 0.47574717
-0.34918097, -0.36736438, -0.41697896
-0.94247264, -0.19388409, -0.27219459
0.1534082, 0.47011578
-0.32503754, -0.41843608, -0.46419314
-0.94247264, -0.19388409, -0.27219459
0.16879344, 0.45473051
-0.30175415, -0.43713015, -0.53149039
-0.94247264, -0.19388409, -0.27219459
0.17442483, 0.43371385
-0.28556994, -0.41843608, -0.60083812
-0.94247264, -0.19388409, -0.27219459
0.16879344, 0.4126972
-0.28082132, -0.36736441, -0.65365416
-0.94247264, -0.19388409, -0.27219459
0.15340823, 0.39731199
-0.34305334, -0.28886825, 0.2675949
-0.64064455, 0.0, -0.76781517
0.52637392, 0.21288002
-0.39966506, -0.21775293, 0.33964974
-0.5548265, 0.49998474, -0.66493726
0.51223946, 0.22084534
-0.33084497, -0.21775295, 0.2822262
-0.5548265, 0.49998474, -0.66493726
0.52637392, 0.22084534
-0.41187346, -0.28886825, 0.32501841
-0.64064455, 0.0, -0.76781517
0.51223946, 0.21288002
-0.36631218, -0.16569334, 0.37962204
-0.32032228, 0.86602372, -0.38389233
0.51223946, 0.22881067
-0.29749206, -0.16569334, 0.32219851
-0.32032228, 0.86602372, -0.38389233
0.52637392, 0.22881067
-0.32075089, -0.14663765, 0.43422565
0.0, 1.0, 0.0
0.51223946, 0.23677599
-0.25193077, -0.14663765, 0.37680215
0.0, 1.0, 0.0
0.52637392, 0.23677599
-0.27518961, -0.16569334, 0.48882928
0.32032228, 0.86602372, 0.38389233
0.51223946, 0.2447412
-0.2063695, -0.16569334, 0.43140575
0.32032228, 0.86602372, 0.38389233
0.52637392, 0.2447412
-0.2418367, -0.21775293, 0.52880156
0.5548265, 0.49998474, 0.66493726
0.51223946, 0.25270653
-0.17301659, -0.21775293, 0.47137806
0.5548265, 0.49998474, 0.66493726
0.52637392, 0.25270653
-0.22962832, -0.28886825, 0.54343289
0.64064455, 0.0, 0.76781517
0.51223946, 0.26067185
-0.16080822, -0.28886825, 0.48600936
0.64064455, 0.0, 0.76781517
0.52637392, 0.26067185
-0.2418367, -0.35998353, 0.52880156
0.5548265, -0.49998474, 0.66493726
0.51223946, 0.26863718
-0.17301659, -0.35998353, 0.47137806
0.5548265, -0.49998474, 0.66493726
0.52637392, 0.26863718
-0.27518961, -0.41204315, 0.48882928
0.32032228, -0.86602372, 0.38389233
0.51223946, 0.27660245
-0.2063695, -0.41204315, 0.43140578
0.32032228, -0.86602372, 0.38389233
0.52637392, 0.27660245
-0.32075089, -0.43109882, 0.43422568
0.0, -1.0, 0.0
0.51223946, 0.28456777
-0.25193077, -0.43109882, 0.37680215
0.0, -1.0, 0.0
0.52637392, 0.28456777
-0.36631218, -0.41204315, 0.37962204
-0.16580707, -0.96591085, -0.19870602
0.51223946, 0.29253304
-0.29749206, -0.41204315, 0.32219854
-0.16580707, -0.96591085, -0.19870602
0.52637392, 0.29253304
-0.29749206, -0.41204315, 0.32219854
-0.45301676, -0.70708334, -0.54292428
0.52637392, 0.19694936
-0.39966506, -0.35998353, 0.33964974
-0.5548265, -0.49998474, -0.66493726
0.51223946, 0.20491469
-0.33084497, -0.35998353, 0.2822262
-0.5548265, -0.49998474, -0.66493726
0.52637392, 0.20491469
-0.36631218, -0.41204315, 0.37962204
-0.45301676, -0.70708334, -0.54292428
0.51223946, 0.19694936
-0.33084497, -0.21775295, 0.2822262
0.76781517, 0.0, -0.64064455
0.11137488, 0.39793205
-0.25193077, -0.28886825, 0.37680215
0.76781517, 0.0, -0.64064455
0.13239154, 0.43433392
-0.34305334, -0.28886825, 0.2675949
0.76781517, 0.0, -0.64064455
0.13239154, 0.39230061
-0.29749206, -0.16569334, 0.32219851
0.76781517, 0.0, -0.64064455
0.09598964, 0.41331732
-0.25193077, -0.14663765, 0.37680215
0.76781517, 0.0, -0.64064455
0.09035823, 0.43433392
-0.2063695, -0.16569334, 0.43140575
0.76781517, 0.0, -0.64064455
0.09598964, 0.45535064
-0.17301659, -0.21775293, 0.47137806
0.76781517, 0.0, -0.64064455
0.11137488, 0.47073591
-0.16080822, -0.28886825, 0.48600936
0.76781517, 0.0, -0.64064455
0.13239154, 0.47636724
-0.17301659, -0.35998353, 0.47137806
0.76781517, 0.0, -0.64064455
0.1534082, 0.47073591
-0.2063695, -0.41204315, 0.43140578
0.76781517, 0.0, -0.64064455
0.16879344, 0.45535064
-0.25193077, -0.43109882, 0.37680215
0.76781517, 0.0, -0.64064455
0.17442483, 0.43433392
-0.29749206, -0.41204315, 0.32219854
0.76781517, 0.0, -0.64064455
0.16879344, 0.41331732
-0.33084497, -0.35998353, 0.2822262
0.76781517, 0.0, -0.64064455
0.15340823, 0.39793205
-0.41187346, -0.28886825, 0.32501841
-0.76781517, 0.0, 0.64064455
0.13239154, 0.39230061
-0.32075089, -0.28886825, 0.43422568
-0.76781517, 0.0, 0.64064455
0.13239154, 0.43433392
-0.39966506, -0.21775293, 0.33964974
-0.76781517, 0.0, 0.64064455
0.11137488, 0.39793205
-0.36631218, -0.16569334, 0.37962204
-0.76781517, 0.0, 0.64064455
0.09598964, 0.41331732
-0.32075089, -0.14663765, 0.43422565
-0.76781517, 0.0, 0.64064455
0.09035823, 0.43433392
-0.27518961, -0.16569334, 0.48882928
-0.76781517, 0.0, 0.64064455
0.09598964, 0.45535064
-0.2418367, -0.21775293, 0.52880156
-0.76781517, 0.0, 0.64064455
0.11137488, 0.47073591
-0.22962832, -0.28886825, 0.54343289
-0.76781517, 0.0, 0.64064455
0.13239154, 0.47636724
-0.2418367, -0.35998353, 0.52880156
-0.76781517, 0.0, 0.64064455
0.1534082, 0.47073591
-0.27518961, -0.41204315, 0.48882928
-0.76781517, 0.0, 0.64064455
0.16879344, 0.45535064
-0.32075089, -0.43109882, 0.43422568
-0.76781517, 0.0, 0.64064455
0.17442483, 0.43433392
-0.36631218, -0.41204315, 0.37962204
-0.76781517, 0.0, 0.64064455
0.16879344, 0.41331732
-0.39966506, -0.35998353, 0.33964974
-0.76781517, 0.0, 0.64064455
0.15340823, 0.39793205
0.31330249, -0.26754111, 0.29637921
0.0, 0.0, -1.0
0.52637392, 0.21288002
0.20059767, -0.24782625, 0.3154349
-0.23862423, 0.43937498, -0.86602372
0.51223946, 0.22084534
0.27936125, -0.20504811, 0.3154349
-0.23862423, 0.43937498, -0.86602372
0.52637392, 0.22084534
0.23453894, -0.31031924, 0.29637921
0.0, 0.0, -1.0
0.51223946, 0.21288002
0.17575115, -0.20207857, 0.36749449
-0.41331217, 0.76100957, -0.49998474
0.51223946, 0.22881067
0.25451469, -0.15930042, 0.36749449
-0.41331217, 0.76100957, -0.49998474
0.52637392, 0.22881067
0.1666564, -0.18533325, 0.43860978
-0.47724846, 0.87874997, 0.0
0.51223946, 0.23677599
0.24541998, -0.1425551, 0.43860978
-0.47724846, 0.87874997, 0.0
0.52637392, 0.23677599
0.17575115, -0.20207855, 0.50972509
-0.41331217, 0.76100957, 0.49998474
0.51223946, 0.2447412
0.25451469, -0.15930042, 0.50972509
-0.41331217, 0.76100957, 0.49998474
0.52637392, 0.2447412
0.20059767, -0.24782625, 0.56178468
-0.23862423, 0.43937498, 0.86602372
0.51223946, 0.25270653
0.27936125, -0.2050481, 0.56178468
-0.23862423, 0.43937498, 0.86602372
0.52637392, 0.25270653
0.23453894, -0.31031924, 0.58084035
0.0, 0.0, 1.0
0.51223946, 0.26067185
0.31330249, -0.26754111, 0.58084035
0.0, 0.0, 1.0
0.52637392, 0.26067185
0.26848021, -0.37281227, 0.56178468
0.23862423, -0.43937498, 0.86602372
0.51223946, 0.26863718
0.34724376, -0.33003411, 0.56178468
0.23862423, -0.43937498, 0.86602372
0.52637392, 0.26863718
0.29332674, -0.41855997, 0.50972509
0.41331217, -0.76100957, 0.49998474
0.51223946, 0.27660245
0.37209028, -0.3757818, 0.50972509
0.41331217, -0.76100957, 0.49998474
0.52637392, 0.27660245
0.30242145, -0.43530527, 0.43860981
0.47724846, -0.87874997, 0.0
0.51223946, 0.28456777
0.38118502, -0.39252713, 0.43860981
0.47724846, -0.87874997, 0.0
0.52637392, 0.28456777
0.29332674, -0.41855997, 0.36749449
0.46098208, -0.84881133, -0.25879696
0.51223946, 0.29253304
0.37209028, -0.37578183, 0.36749449
0.46098208, -0.84881133, -0.25879696
0.52637392, 0.29253304
0.37209028, -0.37578183, 0.36749449
0.33747369, -0.62135684, -0.70708334
0.52637392, 0.19694936
0.26848021, -0.37281227, 0.3154349
0.23862423, -0.43937498, -0.86602372
0.51223946, 0.20491469
0.34724376, -0.33003414, 0.3154349
0.23862423, -0.43937498, -0.86602372
0.52637392, 0.20491469
0.29332674, -0.41855997, 0.36749449
0.33747369, -0.62135684, -0.70708334
0.51223946, 0.19694936
0.27936125, -0.20504811, 0.3154349
0.87874997, 0.47724846, 0.0
0.11137488, 0.39731199
0.31330249, -0.26754111, 0.43860978
0.87874997, 0.47724846, 0.0
0.13239154, 0.43371385
0.31330249, -0.26754111, 0.29637921
0.87874997, 0.47724846, 0.0
0.13239154, 0.39168054
0.25451469, -0.15930042, 0.36749449
0.87874997, 0.47724846, 0.0
0.09598964, 0.4126972
0.24541998, -0.1425551, 0.43860978
0.87874997, 0.47724846, 0.0
0.09035823, 0.43371385
0.25451469, -0.15930042, 0.50972509
0.87874997, 0.47724846, 0.0
0.09598964, 0.45473051
0.27936125, -0.2050481, 0.56178468
0.87874997, 0.47724846, 0.0
0.11137488, 0.47011578
0.31330249, -0.26754111, 0.58084035
0.87874997, 0.47724846, 0.0
0.13239154, 0.47574717
0.34724376, -0.33003411, 0.56178468
0.87874997, 0.47724846, 0.0
0.1534082, 0.47011578
0.37209028, -0.3757818, 0.50972509
0.87874997, 0.47724846, 0.0
0.16879344, 0.45473051
0.38118502, -0.39252713, 0.43860981
0.87874997, 0.47724846, 0.0
0.17442483, 0.43371385
0.37209028, -0.37578183, 0.36749449
0.87874997, 0.47724846, 0.0
0.16879344, 0.4126972
0.34724376, -0.33003414, 0.3154349
0.87874997, 0.47724846, 0.0
0.15340823, 0.39731199
0.23453894, -0.31031924, 0.29637921
-0.87874997, -0.47724846, 0.0
0.13239154, 0.39168054
0.23453894, -0.31031924, 0.43860981
-0.87874997, -0.47724846, 0.0
0.13239154, 0.43371385
0.20059767, -0.24782625, 0.3154349
-0.87874997, -0.47724846, 0.0
0.11137488, 0.39731199
0.17575115, -0.20207857, 0.36749449
-0.87874997, -0.47724846, 0.0
0.09598964, 0.4126972
0.1666564, -0.18533325, 0.43860978
-0.87874997, -0.47724846, 0.0
0.09035823, 0.43371385
0.17575115, -0.20207855, 0.50972509
-0.87874997, -0.47724846, 0.0
0.09598964, 0.45473051
0.20059767, -0.24782625, 0.56178468
-0.87874997, -0.47724846, 0.0
0.11137488, 0.47011578
0.23453894, -0.31031924, 0.58084035
-0.87874997, -0.47724846, 0.0
0.13239154, 0.47574717
0.26848021, -0.37281227, 0.56178468
-0.87874997, -0.47724846, 0.0
0.1534082, 0.47011578
0.29332674, -0.41855997, 0.50972509
-0.87874997, -0.47724846, 0.0
0.16879344, 0.45473051
0.30242145, -0.43530527, 0.43860981
-0.87874997, -0.47724846, 0.0
0.17442483, 0.43371385
0.29332674, -0.41855997, 0.36749449
-0.87874997, -0.47724846, 0.0
0.16879344, 0.4126972
0.26848021, -0.37281227, 0.3154349
-0.87874997, -0.47724846, 0.0
0.15340823, 0.39731199
# Number of Faces:
695
# Face Data:
0, 1, 2
1, 0, 3
4, 5, 6
5, 4, 7
8, 9, 10
9, 8, 11
1, 12, 2
12, 1, 13
14, 15, 16
15, 14, 17
15, 18, 16
12, 13, 19
15, 20, 18
11, 21, 9
21, 11, 22
22, 23, 21
23, 22, 24
13, 25, 19
25, 13, 26
24, 27, 23
27, 24, 28
29, 30, 31
30, 29, 32
26, 33, 25
33, 26, 34
35, 36, 37
36, 35, 38
7, 39, 5
39, 7, 40
33, 34, 41
38, 42, 36
42, 38, 43
34, 44, 41
44, 34, 45
42, 43, 46
47, 48, 49
48, 47, 50
44, 45, 51
52, 29, 31
53, 54, 55
54, 53, 56
57, 51, 45
58, 59, 60
57, 30, 61
62, 63, 64
63, 62, 65
64, 66, 67
66, 64, 63
67, 66, 68
66, 69, 68
30, 32, 61
31, 70, 52
70, 31, 71
72, 73, 74
56, 75, 54
75, 56, 76
70, 71, 77
73, 78, 74
71, 77, 77
71, 79, 77
71, 80, 79
78, 81, 74
81, 78, 78
80, 82, 79
82, 80, 83
81, 84, 85
84, 81, 78
40, 55, 39
55, 40, 53
86, 87, 88
87, 86, 75
89, 90, 74
74, 90, 72
42, 91, 36
69, 72, 68
72, 69, 73
72, 92, 68
92, 72, 90
81, 93, 94
95, 50, 96
50, 95, 48
85, 93, 81
93, 85, 97
46, 43, 60
60, 98, 58
98, 60, 43
99, 1, 3
45, 100, 101
100, 45, 102
80, 103, 104
103, 80, 105
45, 34, 102
34, 26, 102
26, 13, 102
13, 1, 102
80, 71, 105
71, 31, 105
31, 30, 105
30, 103, 105
103, 30, 106
45, 107, 57
108, 99, 3
99, 108, 109
110, 5, 111
5, 110, 6
112, 9, 113
9, 112, 10
99, 114, 115
114, 99, 109
116, 117, 118
117, 116, 119
117, 119, 120
115, 114, 121
117, 120, 122
113, 21, 123
21, 113, 9
123, 23, 124
23, 123, 21
115, 125, 126
125, 115, 121
124, 27, 127
27, 124, 23
128, 106, 129
106, 128, 130
126, 131, 132
131, 126, 125
133, 134, 135
134, 133, 136
111, 39, 137
39, 111, 5
132, 131, 138
135, 139, 140
139, 135, 134
132, 141, 101
141, 132, 138
139, 142, 140
143, 48, 144
48, 143, 49
101, 141, 145
146, 130, 128
147, 54, 148
54, 147, 55
149, 101, 145
150, 151, 152
106, 149, 153
154, 155, 156
155, 154, 157
157, 158, 155
158, 157, 159
159, 160, 158
158, 160, 161
129, 106, 153
130, 162, 163
162, 130, 146
164, 165, 166
148, 75, 167
75, 148, 54
163, 162, 168
166, 165, 169
163, 170, 104
163, 168, 170
163, 168, 168
169, 171, 169
171, 169, 165
172, 173, 174
173, 172, 175
104, 176, 83
176, 104, 170
171, 177, 169
177, 171, 178
137, 55, 147
55, 137, 39
86, 179, 75
179, 86, 180
181, 165, 182
165, 164, 182
139, 134, 183
161, 164, 166
164, 161, 160
164, 184, 182
184, 164, 160
49, 185, 186
185, 49, 143
95, 144, 48
144, 95, 187
178, 188, 189
188, 178, 171
142, 152, 140
152, 190, 140
190, 152, 151
101, 100, 132
132, 100, 126
126, 100, 115
115, 100, 99
104, 103, 163
163, 103, 130
130, 103, 106
37, 191, 35
37, 192, 191
17, 192, 15
192, 17, 191
15, 193, 20
193, 15, 192
136, 133, 194
136, 118, 195
118, 136, 194
195, 118, 117
196, 117, 122
117, 196, 195
197, 188, 171
198, 173, 175
173, 198, 199
186, 47, 49
47, 186, 200
100, 1, 99
1, 100, 102
80, 104, 83
107, 30, 57
89, 81, 94
81, 89, 74
171, 181, 197
181, 171, 165
106, 107, 201
107, 106, 30
201, 45, 101
45, 201, 107
106, 201, 149
201, 101, 149
202, 203, 204
203, 202, 205
204, 206, 207
206, 204, 203
208, 207, 209
207, 208, 204
209, 206, 210
206, 209, 207
210, 203, 211
203, 210, 206
212, 213, 214
205, 211, 203
202, 215, 205
216, 204, 208
204, 216, 202
152, 217, 150
217, 152, 142
142, 218, 217
218, 142, 139
218, 219, 220
219, 218, 139
221, 222, 223
222, 221, 224
225, 226, 227
226, 225, 228
228, 229, 226
229, 227, 226
227, 229, 230
230, 225, 227
231, 232, 233
232, 231, 234
234, 235, 232
235, 234, 236
237, 236, 234
236, 237, 238
238, 235, 236
235, 238, 239
239, 232, 235
232, 239, 240
240, 233, 232
241, 242, 243
244, 234, 231
234, 244, 237
60, 245, 46
245, 60, 59
46, 246, 42
246, 46, 245
246, 91, 42
91, 246, 247
248, 249, 250
249, 248, 251
252, 253, 254
253, 252, 255
254, 253, 256
256, 255, 257
255, 256, 253
257, 255, 252
258, 259, 260
259, 258, 261
262, 263, 264
263, 262, 265
265, 266, 263
265, 267, 266
267, 265, 262
263, 266, 268
264, 269, 264
264, 270, 269
264, 263, 270
268, 271, 263
272, 273, 274
273, 272, 275
276, 260, 259
276, 258, 260
258, 276, 277
277, 278, 258
261, 279, 280
279, 261, 258
274, 281, 282
281, 274, 273
283, 284, 279
285, 286, 287
286, 285, 288
289, 290, 291
268, 266, 272
279, 258, 278
279, 274, 282
274, 279, 278
271, 270, 263
259, 292, 293
292, 259, 294
295, 293, 296
293, 295, 297
262, 298, 299
262, 264, 298
262, 264, 264
298, 300, 299
299, 267, 262
267, 299, 300
298, 301, 300
264, 302, 264
264, 269, 302
264, 264, 269
301, 298, 303
304, 273, 275
273, 304, 305
293, 297, 306
306, 295, 307
295, 306, 297
307, 295, 308
296, 309, 295
309, 296, 310
305, 281, 273
281, 305, 311
309, 312, 313
314, 315, 316
315, 314, 317
285, 318, 319
318, 285, 287
320, 321, 322
301, 304, 300
309, 308, 295
309, 305, 308
305, 309, 311
303, 298, 323
324, 315, 325
315, 324, 316
267, 326, 266
326, 272, 266
272, 326, 327
327, 268, 272
268, 327, 328
328, 271, 268
271, 328, 329
329, 270, 271
270, 329, 330
330, 276, 270
276, 330, 331
331, 277, 276
277, 331, 332
332, 278, 277
278, 332, 333
333, 274, 278
274, 333, 334
334, 272, 274
272, 334, 327
327, 275, 272
275, 335, 304
335, 305, 304
305, 335, 336
336, 308, 305
308, 336, 337
337, 307, 308
307, 337, 338
338, 306, 307
306, 338, 339
339, 323, 306
323, 339, 340
340, 303, 323
303, 340, 341
341, 301, 303
301, 341, 342
342, 304, 301
304, 342, 335
335, 300, 304
300, 335, 343
343, 267, 300
344, 312, 309
312, 344, 345
345, 346, 312
346, 345, 347
347, 284, 346
284, 347, 348
348, 279, 284
279, 348, 349
350, 351, 352
351, 350, 353
352, 354, 355
354, 352, 351
355, 353, 350
353, 355, 354
353, 356, 351
356, 353, 357
351, 358, 354
358, 351, 356
354, 357, 353
357, 354, 358
357, 359, 356
359, 357, 360
356, 361, 358
361, 356, 359
358, 360, 357
360, 358, 361
360, 362, 359
362, 360, 363
359, 364, 361
364, 359, 362
361, 363, 360
363, 361, 364
363, 365, 362
365, 363, 366
362, 367, 364
367, 362, 365
364, 366, 363
366, 364, 367
366, 352, 365
352, 366, 350
365, 355, 367
355, 365, 352
367, 350, 366
350, 367, 355
368, 369, 370
369, 368, 371
372, 370, 373
370, 372, 368
373, 369, 374
369, 373, 370
374, 371, 375
371, 374, 369
375, 368, 372
368, 375, 371
376, 377, 378
377, 376, 379
380, 381, 382
381, 380, 383
384, 378, 385
378, 384, 376
385, 377, 386
377, 385, 378
387, 388, 389
388, 387, 390
391, 376, 384
376, 391, 379
392, 381, 385
381, 392, 393
385, 383, 384
383, 385, 381
384, 394, 395
394, 384, 383
302, 298, 264
298, 302, 323
259, 270, 276
270, 259, 269
293, 323, 302
323, 293, 306
259, 302, 269
302, 259, 293
294, 259, 261
294, 261, 280
293, 292, 296
292, 310, 296
294, 310, 292
310, 294, 280
312, 310, 346
310, 312, 309
280, 284, 346
284, 280, 279
310, 280, 346
396, 397, 398
397, 396, 399
400, 401, 402
401, 400, 403
404, 398, 405
398, 404, 396
405, 397, 406
397, 405, 398
407, 408, 409
408, 407, 410
411, 396, 404
396, 411, 399
412, 401, 405
401, 412, 413
405, 403, 404
403, 405, 401
404, 414, 415
414, 404, 403
416, 417, 418
417, 416, 419
418, 420, 421
420, 418, 417
421, 422, 423
422, 421, 420
423, 424, 425
424, 423, 422
425, 426, 427
426, 425, 424
427, 428, 429
428, 427, 426
429, 430, 431
430, 429, 428
431, 432, 433
432, 431, 430
433, 434, 435
434, 433, 432
435, 436, 437
436, 435, 434
438, 439, 440
439, 438, 441
440, 419, 416
419, 440, 439
442, 443, 444
445, 443, 442
446, 443, 445
447, 443, 446
448, 443, 447
449, 443, 448
450, 443, 449
451, 443, 450
452, 443, 451
453, 443, 452
454, 443, 453
444, 443, 454
455, 456, 457
457, 456, 458
458, 456, 459
459, 456, 460
460, 456, 461
461, 456, 462
462, 456, 463
463, 456, 464
464, 456, 465
465, 456, 466
466, 456, 467
467, 456, 455
468, 469, 470
469, 468, 471
470, 472, 473
472, 470, 469
473, 474, 475
474, 473, 472
475, 476, 477
476, 475, 474
477, 478, 479
478, 477, 476
479, 480, 481
480, 479, 478
481, 482, 483
482, 481, 480
483, 484, 485
484, 483, 482
485, 486, 487
486, 485, 484
487, 488, 489
488, 487, 486
490, 491, 492
491, 490, 493
492, 471, 468
471, 492, 491
494, 495, 496
497, 495, 494
498, 495, 497
499, 495, 498
500, 495, 499
501, 495, 500
502, 495, 501
503, 495, 502
504, 495, 503
505, 495, 504
506, 495, 505
496, 495, 506
507, 508, 509
509, 508, 510
510, 508, 511
511, 508, 512
512, 508, 513
513, 508, 514
514, 508, 515
515, 508, 516
516, 508, 517
517, 508, 518
518, 508, 519
519, 508, 507
520, 521, 522
521, 520, 523
522, 524, 525
524, 522, 521
525, 526, 527
526, 525, 524
527, 528, 529
528, 527, 526
529, 530, 531
530, 529, 528
531, 532, 533
532, 531, 530
533, 534, 535
534, 533, 532
535, 536, 537
536, 535, 534
537, 538, 539
538, 537, 536
539, 540, 541
540, 539, 538
542, 543, 544
543, 542, 545
544, 523, 520
523, 544, 543
546, 547, 548
549, 547, 546
550, 547, 549
551, 547, 550
552, 547, 551
553, 547, 552
554, 547, 553
555, 547, 554
556, 547, 555
557, 547, 556
558, 547, 557
548, 547, 558
559, 560, 561
561, 560, 562
562, 560, 563
563, 560, 564
564, 560, 565
565, 560, 566
566, 560, 567
567, 560, 568
568, 560, 569
569, 560, 570
570, 560, 571
571, 560, 559
572, 573, 574
573, 572, 575
574, 576, 577
576, 574, 573
577, 578, 579
578, 577, 576
579, 580, 581
580, 579, 578
581, 582, 583
582, 581, 580
583, 584, 585
584, 583, 582
585, 586, 587
586, 585, 584
587, 588, 589
588, 587, 586
589, 590, 591
590, 589, 588
591, 592, 593
592, 591, 590
594, 595, 596
595, 594, 597
596, 575, 572
575, 596, 595
598, 599, 600
601, 599, 598
602, 599, 601
603, 599, 602
604, 599, 603
605, 599, 604
606, 599, 605
607, 599, 606
608, 599, 607
609, 599, 608
610, 599, 609
600, 599, 610
611, 612, 613
613, 612, 614
614, 612, 615
615, 612, 616
616, 612, 617
617, 612, 618
618, 612, 619
619, 612, 620
620, 612, 621
621, 612, 622
622, 612, 623
623, 612, 611
