# Project Zomboid Skinned Mesh
# File Version:
1.0
# Model Name:
Vehicles_SmallCar
# Vertex Stride Element Count:
3
# Vertex Stride Size (in bytes):
76
# Vertex Stride Data:
# (Int)    Offset
# (String) Type
0
VertexArray
12
NormalArray
24
TextureCoordArray
# Vertex Count:
610
# Vertex Buffer:
0.31366411, -0.28787887, 0.74631637
-0.01266518, -0.99884027, 0.04623554
0.62279427, 0.9767187
0.159605, -0.29327625, 0.58758259
0.2746971, -0.95046848, -0.14520706
0.56191123, 0.9220278
0.31366411, -0.29327625, 0.58758259
0.0, -0.74452955, -0.66756189
0.56191123, 0.9767187
-0.00075396, -0.28787887, 0.55278832
-0.00518815, 0.97195351, 0.23505355
0.63778389, 0.8598564
0.32670164, -0.10214353, 0.66251361
-0.0393994, 0.71709341, 0.695822
0.617392, 0.70776141
-0.00075397, 0.00702978, 0.53145921
-0.10757775, 0.46568194, 0.87835324
0.55429947, 0.58821321
-0.00075397, -0.03428975, 0.48127097
-0.07681509, -0.76973784, 0.63371682
0.63270563, 0.58821321
0.32958043, 0.02073182, 0.49486002
0.02023377, 0.97128206, 0.23700674
0.53898591, 0.70881251
0.31366411, -0.28787887, 0.74631637
-0.49031037, -0.31644642, 0.81203651
0.67950332, 0.81059539
-0.00075396, -0.185335, 0.59642351
-0.13931699, 0.32322153, 0.93600267
0.8203125, 0.765625
-0.00075396, -0.28787887, 0.55278832
-0.09475997, -0.3897824, 0.91601306
0.8203125, 0.8105469
0.3209663, -0.18533498, 0.78995138
-0.49131748, 0.28321177, 0.82363355
0.67622322, 0.76480129
0.3491776, -0.18533498, 0.56307143
0.01382488, -0.52589494, -0.85039824
0.55250961, 0.9899185
0.159605, -0.16928092, 0.54584908
0.64268929, -0.51747185, -0.5648976
0.54590392, 0.9220278
0.31366411, -0.29327625, 0.58758259
0.95611441, -0.29154333, 0.02838221
0.59770441, 0.44634312
0.34186187, -0.18533498, 0.74631637
0.96530044, -0.001648, 0.26105532
0.66416711, 0.39913797
0.31366411, -0.28787887, 0.74631637
0.95941037, -0.26380199, 0.0995819
0.66416711, 0.44398272
0.3491776, -0.18533498, 0.56307143
0.99728388, -0.03689688, 0.06369213
0.58744109, 0.39913797
0.3209663, -0.18533498, 0.78995138
0.90130311, -0.03613392, 0.43159276
0.68243742, 0.39913797
0.3491776, -0.15322612, 0.5286265
0.02600177, -0.85778373, -0.51332134
0.53929812, 0.9899185
0.32881477, -0.15322612, 0.74631637
0.65022737, 0.26419875, 0.71227151
0.66416711, 0.38509631
-0.00075396, -0.15322614, 0.55278832
-0.10309152, 0.53794974, 0.83660388
0.82075441, 0.75140829
0.32881477, -0.15322612, 0.74631637
-0.40830714, 0.59010589, 0.69643241
0.67269701, 0.75140829
-0.00075396, -0.12570156, 0.54456526
-0.10907315, 0.51484728, 0.85027617
0.8203125, 0.73828131
0.32980055, -0.12570155, 0.7380932
-0.46153143, 0.41135898, 0.78594315
0.67225432, 0.73930949
0.3491776, -0.12570155, 0.45509288
0.01736503, -0.99896234, -0.04202399
0.51109391, 0.9899185
0.159605, -0.12570155, 0.45509288
0.63173312, -0.77452928, -0.03131199
0.51109391, 0.9220278
-0.00075396, -0.07978678, 0.50272512
-0.07364117, 0.66270941, 0.74523151
0.82075441, 0.7191278
0.32670164, -0.07978678, 0.696253
-0.40699485, 0.60005492, 0.68865019
0.67364651, 0.7191278
0.3491776, -0.17965096, -0.40996662
0.08841212, -0.54420608, -0.83425397
0.1792956, 0.9899186
0.21176957, -0.33342755, -0.38302362
0.36085087, -0.89611501, -0.25830865
0.1896296, 0.9388467
0.21176957, -0.15829453, -0.43733597
0.64873195, -0.60173345, -0.46583453
0.168798, 0.9388467
0.33711225, -0.26276681, -0.38411406
0.14728233, -0.27591786, -0.94979703
0.1892115, 0.9854338
0.3491776, -0.15322687, 0.36664909
0.00824, -0.86019468, 0.50987273
0.4771708, 0.9899185
0.159605, -0.16928166, 0.35010007
0.64268929, -0.51582384, 0.56642354
0.47082329, 0.9220278
0.3491776, -0.12570155, 0.45509288
0.98739588, 0.15655996, 0.02179022
0.54223013, 0.37305897
0.32958043, -0.00262476, 0.31837043
0.97946101, 0.18985565, 0.06775109
0.50900948, 0.32016891
0.32958043, -0.02349347, 0.49616015
0.98428297, 0.17102572, 0.04333628
0.55942512, 0.32836157
0.3491776, -0.15322687, 0.36664909
0.99575794, 0.08825953, -0.0258797
0.50519788, 0.38509673
-0.00075396, 0.01210202, 0.38057628
-0.00018311, 0.97799617, 0.20853297
0.50711793, 0.58821321
0.32958043, -0.00481922, 0.31866416
0.08096561, 0.98013246, 0.1808832
0.49180421, 0.70881251
0.3491776, -0.18533646, 0.33355102
0.0286874, -0.53291422, 0.84563738
0.4644759, 0.9899185
0.3385812, -0.01890151, 0.2659553
0.96700948, 0.21179846, 0.14151433
0.46430039, 0.32635349
0.3491776, -0.18533646, 0.33355102
0.9987182, -0.04226813, 0.02725303
0.4913398, 0.39913863
0.31366411, -0.29327393, 0.3011325
0.20593891, -0.70131534, 0.68242437
0.45204139, 0.9767187
0.159605, -0.34177122, 0.3011325
0.33463547, -0.91170996, 0.23819697
0.45204139, 0.9220278
0.3491776, -0.18533646, 0.27298009
0.99197364, -0.03057955, 0.12256233
0.46597829, 0.39913863
0.33456838, -0.17325421, -0.82453841
0.04391614, 0.62782675, -0.77709281
0.97851562, 0.9316406
-0.00075396, -0.26558414, -0.84094387
0.0, -0.62001401, -0.78453934
0.8203125, 0.9804688
-0.00075396, -0.17325421, -0.8430661
0.00012207, 0.63621938, -0.7714774
0.8203125, 0.9316406
0.32250229, -0.26558414, -0.82241541
0.04242073, -0.66487622, -0.74571979
0.97265631, 0.9804688
0.31366411, -0.29327393, 0.2599341
0.30030215, -0.95382547, 0.00015259
0.43623951, 0.9767187
0.3491776, -0.13693883, -0.46470535
0.08633687, -0.94802696, -0.30622274
0.1583004, 0.9899186
0.22671761, 0.18280549, 0.00800387
0.04376354, 0.99856561, 0.0298471
0.34770301, 0.6712589
-0.00075396, 0.20110522, -0.27061996
-0.00589007, 0.99951172, -0.03021332
0.23852471, 0.58821321
-0.00075396, 0.19210279, 0.04708474
0.0, 0.95880002, 0.28403577
0.36301669, 0.58821321
0.22671761, 0.19180702, -0.27061996
0.04083376, 0.99905396, -0.01391644
0.23852471, 0.6712589
0.31366411, -0.29343307, -0.25731906
0.37943664, -0.92519915, 0.00439467
0.2378442, 0.9767188
0.31366411, -0.29327393, 0.2599341
0.74636066, -0.65974915, 0.08749656
0.46051571, 0.44634181
0.47629344, -0.26292828, -0.24199754
0.95184177, -0.16544084, 0.25809503
0.2439394, 0.43307132
0.34094572, -0.26276916, 0.25723377
0.88671529, -0.41627246, 0.20093387
0.4605166, 0.43300158
0.31366411, -0.29327089, -0.38302362
0.2018189, -0.51210058, -0.83486432
0.1896296, 0.9767188
0.31366411, -0.29343307, -0.25731906
0.79280984, -0.60942411, -0.00076296
0.24455079, 0.44578362
0.33711225, -0.26276681, -0.38411406
0.9306314, -0.36588642, -0.00045778
0.1908489, 0.43300039
0.33711225, -0.26292828, -0.2573168
0.91531116, -0.40269172, -0.0004883
0.2439394, 0.43307132
0.31366411, -0.29327089, -0.38302362
0.79280984, -0.60945463, -0.00076296
0.19130529, 0.44634062
0.3491776, -0.17965096, -0.40996662
0.99978638, -0.0130314, 0.01464888
0.1800241, 0.39665228
0.3491776, -0.1798124, -0.27131578
0.99911499, -0.0413831, -3.052e-05
0.238078, 0.39672309
0.33711225, -0.01337821, -0.27131578
0.9607532, 0.27716911, 0.01049837
0.2380781, 0.32393807
0.3491776, -0.13693883, -0.46470535
0.99688709, 0.07742546, 0.01345866
0.15710481, 0.3779735
0.3491776, -0.13178392, -0.5662818
0.08941923, -0.97680593, 0.19446394
0.11934, 0.9899186
0.21176957, -0.15130319, -0.59940135
0.64922023, -0.65257728, 0.39069796
0.1066367, 0.9388467
0.33711225, -0.00506392, -0.57284987
0.94622636, 0.32343516, -0.0019837
0.1113281, 0.32363522
0.3491776, -0.13178392, -0.5662818
0.99667346, 0.08105716, -0.0061037
0.114574, 0.37571907
0.33711225, -1.091e-05, -0.75609875
0.82583088, 0.43070772, -0.36393324
0.03515625, 0.32363522
-0.00075396, 0.17112248, -0.61170834
-0.00119022, 0.91091645, -0.4125492
0.1048697, 0.58821321
0.22671761, 0.16182439, -0.59318006
0.05652028, 0.90984833, -0.41099277
0.1121299, 0.67125899
0.3491776, -0.17082159, -0.63252109
0.05035554, -0.30713826, 0.95031589
0.09393343, 0.9899186
0.3491776, -0.17082159, -0.63252109
0.77916807, -0.00112918, 0.62678915
0.08683898, 0.39279097
0.33711225, -0.26772949, -0.66859245
0.10116886, -0.79998171, 0.59138769
0.08009803, 0.9854338
0.21176957, -0.27667165, -0.66859245
0.26035342, -0.95239115, 0.15854366
0.08009803, 0.9388467
0.34732491, -0.16817802, -0.78826004
0.88235116, 0.19733268, -0.42716756
0.02099661, 0.39163512
0.33525959, -0.2757735, -0.77889854
0.03738517, -0.9987182, 0.03372295
0.03778955, 0.9847453
-0.00075396, -0.2757735, -0.797427
0.0, -0.99996948, -0.00717185
0.03068294, 0.8598565
0.33711225, -0.26772949, -0.66859245
0.99316382, -0.11603137, -0.01174963
0.07173574, 0.43517071
0.33525959, -0.2757735, -0.77889854
0.98181099, -0.122013, -0.14539018
0.02555002, 0.4386887
-0.00075396, -0.00062953, -0.79994774
0.0, 0.75307477, -0.65791804
0.03110858, 0.58821321
0.3106246, -0.00062953, -0.78141934
0.03823969, 0.76485491, -0.64302498
0.0383689, 0.70189211
0.3106246, -0.00062953, -0.78141934
0.58101135, 0.47065645, -0.66399121
0.02539063, 0.32363522
0.22671761, 0.16182439, -0.59318006
0.82158881, 0.56749171, -0.05374309
0.1033114, 0.24731821
0.30031964, 0.18280549, -0.01480758
0.85027617, 0.47346416, 0.22980438
0.3550311, 0.23814291
0.22671761, 0.19180702, -0.27061996
0.86480302, 0.50193793, -0.0110477
0.23836949, 0.23420608
0.33456838, -0.17325421, -0.82453841
0.91610461, 0.19837031, -0.34836879
0.0064404, 0.3938548
0.32549822, -0.16817802, -0.78942233
0.04187139, 0.61616868, -0.78646201
0.02099661, 0.39163512
-0.00075396, -0.2757735, -0.797427
0.0, -0.97357094, -0.22824793
0.8203125, 0.984375
0.33525959, -0.2757735, -0.77889854
0.01275674, -0.97274697, -0.23148289
0.97851562, 0.984375
0.32250229, -0.26558414, -0.82241541
0.94277781, -0.130253, -0.30686361
0.0073292, 0.43423271
0.31366411, -0.29327393, 0.3011325
0.84673607, -0.50135809, 0.17780083
0.47776589, 0.44634181
-0.09508693, -0.29327625, 0.58101141
0.01162755, -0.97457808, 0.22367015
0.56191123, 0.797685
-0.03214902, -0.33505934, 0.45412162
-0.3868221, -0.89095736, 0.23770867
0.50758368, 0.797685
-0.16111292, -0.34177122, 0.3011325
-0.30564287, -0.86577958, 0.3961913
0.45204139, 0.797685
0.159605, -0.33505934, 0.44594145
0.68358409, -0.72011477, 0.11868648
0.50758368, 0.9220278
-0.15174235, -0.3205075, -0.5253883
-0.59398174, -0.80404067, -0.02517777
0.13502491, 0.7808664
-0.21327747, -0.27667165, -0.66859245
-0.24448378, -0.93353069, 0.26212347
0.08009803, 0.7808664
0.21176957, -0.3205075, -0.5253883
0.68462175, -0.71523178, -0.14035462
0.13502491, 0.9388467
-0.15174235, -0.33342448, -0.38302362
-0.36085087, -0.89611501, -0.25824761
0.1896296, 0.7808664
0.20049283, -0.34193033, -0.25731906
0.19922483, -0.97979677, -0.01684622
0.2378442, 0.9346555
-0.30363446, -0.28787887, 0.65475798
-0.00488296, -0.99822992, 0.05920591
0.62279427, 0.74299419
-0.23310144, -0.29327625, 0.5125556
0.29663992, -0.74452955, -0.5980407
0.56191123, 0.74299419
-0.29306871, -0.06983868, 0.5762248
-0.0179754, 0.55336159, 0.83272803
0.617392, 0.46866512
-0.33108836, 0.02073182, 0.49486002
-0.03158666, 0.95919675, 0.28089237
0.53898591, 0.46761411
-0.30363446, -0.28787887, 0.65475798
0.27185887, -0.27906126, 0.92095709
0.96200562, 0.81059539
-0.32956463, -0.18533498, 0.69060421
0.26953948, 0.26560259, 0.9256264
0.9652856, 0.76480129
-0.25402492, -0.18533498, 0.47481686
0.37113559, 0.03622547, -0.92785424
0.55250961, 0.72979459
-0.07654275, -0.16928092, 0.54362428
-0.55998415, -0.6526078, -0.5103305
0.54590392, 0.797685
-0.23310144, -0.29327625, 0.5125556
-0.86916715, -0.29154333, -0.39939573
0.59770441, 0.2242704
-0.32889628, -0.18533498, 0.64222801
-0.98077333, -0.00161748, -0.19501327
0.66416711, 0.17706537
-0.25402492, -0.18533498, 0.47481686
-0.95471054, -0.28785059, -0.07516709
0.58744109, 0.17706537
-0.30363446, -0.28787887, 0.65475798
-0.90374464, -0.26380199, -0.33704641
0.66416711, 0.22191012
-0.32956463, -0.18533498, 0.69060421
-0.99923706, -0.0361034, -0.01379437
0.68243742, 0.17706537
-0.30072296, -0.15322612, 0.46475899
0.33634448, 0.28031251, -0.89904475
0.53929812, 0.72979459
-0.31720516, -0.15322612, 0.64802682
-0.89898372, 0.26422927, 0.34928435
0.66416711, 0.16302371
-0.31720516, -0.15322612, 0.64802682
0.2379223, 0.57109284, 0.78563797
0.96881068, 0.75140829
-0.31443575, -0.12570155, 0.64022136
0.28287607, 0.35218361, 0.8921476
0.96875, 0.73828131
-0.35068554, -0.12570155, 0.45509288
0.07162694, -0.99740595, -0.00668355
0.51109391, 0.72979459
-0.16111292, -0.12570155, 0.45509288
-0.3568224, -0.93270671, 0.05191198
0.51109391, 0.797685
-0.29306871, -0.07978678, 0.60411525
0.28217414, 0.50840783, 0.81353194
0.96786243, 0.7191278
-0.28915042, -0.17965096, -0.40996662
-0.08841212, -0.54420608, -0.83425397
0.1792956, 0.72979471
-0.27708507, -0.26276681, -0.38411319
-0.14728233, -0.27591786, -0.94979703
0.1892115, 0.73427939
-0.15174235, -0.15829453, -0.43733597
-0.69130528, -0.6178472, -0.37461472
0.168798, 0.7808664
-0.35068554, -0.15322687, 0.36664909
-0.00824, -0.86019468, 0.50987273
0.4771708, 0.72979459
-0.16111292, -0.16928166, 0.35010007
-0.4481338, -0.60954618, 0.6538896
0.47082329, 0.797685
-0.35068554, -0.12570155, 0.45509288
-0.86950284, -0.0577105, 0.49046296
0.54223013, 0.15098631
-0.33108836, -0.00475963, 0.31837043
-0.95632803, 0.27555162, 0.09732353
0.50900948, 0.09809625
-0.35068554, -0.15322687, 0.36664909
-0.99655139, 0.08236945, -0.00860622
0.50519788, 0.16302401
-0.33108836, -0.02349347, 0.49616015
-0.94827116, -0.17221595, 0.26664022
0.55942512, 0.10628903
-0.33108836, -0.00534807, 0.31949401
-0.08163701, 0.98049867, 0.17865536
0.49180421, 0.46761411
-0.35068554, -0.18533646, 0.33355188
-0.02865688, -0.53291422, 0.8456679
0.4644759, 0.72979459
-0.34488803, -0.01890151, 0.26166549
-0.91955322, 0.29395428, 0.26075014
0.46430039, 0.10428089
-0.35068554, -0.18533646, 0.33355188
-0.99761957, -0.04174932, 0.05478073
0.4913398, 0.17706591
-0.31517202, -0.29327393, 0.3011325
-0.20593891, -0.70134586, 0.68239385
0.45204139, 0.74299419
-0.35068554, -0.18533646, 0.27298009
-0.95431381, -0.00201422, 0.29874569
0.46597829, 0.17706591
-0.33607632, -0.17325421, -0.82453841
-0.04412977, 0.62663656, -0.77803886
0.66210938, 0.9316406
-0.32401097, -0.26558414, -0.82241541
-0.04242073, -0.66487622, -0.74571979
0.66796881, 0.9804688
-0.31517202, -0.29327393, 0.2599341
-0.29548022, -0.95513779, -0.01937925
0.43623951, 0.74299419
-0.28915042, -0.13693883, -0.4647046
-0.08633687, -0.94802696, -0.30622274
0.1583004, 0.72979471
-0.22822554, 0.18280549, 0.00800464
-0.08844264, 0.95672476, 0.27716911
0.34770301, 0.50516769
-0.16669042, 0.19180702, -0.27061996
-0.0544145, 0.99795526, -0.03268532
0.23852471, 0.50516769
-0.2536369, -0.29343307, -0.25731906
-0.37846005, -0.92544329, -0.01644948
0.2378442, 0.74299419
-0.66985559, -0.26292828, -0.15685982
-0.7777642, -0.18243966, 0.60145879
0.2439394, 0.21099859
-0.31517202, -0.29327393, 0.2599341
-0.6493423, -0.74086732, 0.17154454
0.46051571, 0.22426921
-0.35122135, -0.26276916, 0.25521994
-0.79018527, -0.43772697, 0.42887661
0.4605166, 0.21092898
-0.2536369, -0.29327089, -0.38302362
-0.20178838, -0.51207006, -0.83486432
0.1896296, 0.74299419
-0.2536369, -0.29343307, -0.25731906
-0.79280984, -0.60942411, -0.00076296
0.24455079, 0.22371101
-0.27708507, -0.26276681, -0.38411319
-0.79280984, -0.60942411, -0.00076296
0.1908489, 0.21092772
-0.2536369, -0.29327089, -0.38302362
-0.79280984, -0.60945463, -0.00076296
0.19130529, 0.2242679
-0.27708507, -0.26292828, -0.2573168
-0.79280984, -0.60942411, -0.00076296
0.2439394, 0.21099859
-0.28915042, -0.17965096, -0.40996662
-0.98959321, -0.14368114, -0.00015259
0.1800241, 0.17457968
-0.28915042, -0.1798124, -0.27131578
-0.98959321, -0.14368114, -0.00015259
0.238078, 0.17465037
-0.27708507, -0.01337821, -0.27131578
-0.9640187, 0.22568437, 0.14041567
0.2380781, 0.10186541
-0.28915042, -0.13693883, -0.4647046
-0.98214668, -0.1630604, 0.09350871
0.15710481, 0.15590078
-0.28915042, -0.13178392, -0.5662818
-0.10614338, -0.961272, 0.25421917
0.11934, 0.72979471
-0.21327747, -0.15130319, -0.59940135
-0.51564074, -0.68333995, 0.51683098
0.1066367, 0.7808664
-0.33862019, -0.00506392, -0.57284987
-0.99090546, 0.11609241, 0.06784265
0.1113281, 0.1015625
-0.33862019, -1.091e-05, -0.75609875
-0.84578997, 0.41795099, -0.3315531
0.03515625, 0.1015625
-0.28915042, -0.13178392, -0.5662818
-0.97790462, -0.14606158, 0.14932707
0.114574, 0.15364641
-0.22822554, 0.16182439, -0.59318006
-0.05658132, 0.90340894, -0.42493972
0.1121299, 0.50516769
-0.35068554, -0.17082159, -0.63252109
-0.05514695, -0.22266304, 0.9733268
0.09393343, 0.72979471
-0.35068554, -0.17082159, -0.63252109
-0.65392011, 0.10821863, 0.74877161
0.08683898, 0.17071837
-0.33862019, -0.26772949, -0.66859245
-0.10116886, -0.79998171, 0.59138769
0.08009803, 0.73427939
-0.34883282, -0.16817802, -0.78826004
-0.88393813, 0.19443342, -0.4252449
0.0216302, 0.1695624
-0.31213173, -0.00062953, -0.78141934
-0.05417036, 0.05026399, -0.99725336
0.67382812, 0.84765629
-0.00075396, -0.16817802, -0.80678844
0.00024415, 0.68382823, -0.72960603
0.8203125, 0.9316406
-0.32700613, -0.16817802, -0.78977305
-0.03607288, 0.7264626, -0.68620867
0.66601562, 0.9316406
-0.00075396, -0.00062953, -0.79994774
0.0, 0.04077273, -0.99914551
0.8203125, 0.84765629
-0.33676746, -0.2757735, -0.77889854
-0.03738517, -0.9987182, 0.03372295
0.03778955, 0.73496819
-0.33862019, -0.26772949, -0.66859245
-0.99316382, -0.11603137, -0.01174963
0.07173574, 0.21309799
-0.33676746, -0.2757735, -0.77889854
-0.98181099, -0.122013, -0.14539018
0.02555002, 0.21661597
-0.31213173, -0.00062953, -0.78141934
-0.03823969, 0.76485491, -0.64302498
0.0383689, 0.47453481
-0.31213173, -0.00062953, -0.78141934
-0.58146918, 0.4705649, -0.663625
0.02539063, 0.1015625
-0.22822554, 0.16182439, -0.59318006
-0.81655324, 0.57530445, 0.04724265
0.1033114, 0.02524555
-0.22822554, 0.18280549, 0.00800464
-0.82787561, 0.55739003, 0.06244087
0.3550311, 0.01607025
-0.16669042, 0.19180702, -0.27061996
-0.85113072, 0.50053406, 0.1581164
0.23836949, 0.01213348
-0.33676746, -0.2757735, -0.77889854
-0.01275674, -0.97274697, -0.23148289
0.66210938, 0.984375
-0.33607632, -0.17325421, -0.82453841
-0.91586047, 0.19943845, -0.34842983
0.0064404, 0.17178208
-0.32401097, -0.26558414, -0.82241541
-0.94277781, -0.130253, -0.30686361
0.0073292, 0.21215999
-0.31517202, -0.29327393, 0.3011325
-0.78792685, -0.56590474, 0.24265267
0.47776589, 0.22426921
0.3491776, -0.15322612, 0.5286265
0.98733485, 0.14188056, 0.07055879
0.57301903, 0.38509631
0.32670164, -0.07978678, 0.696253
0.98461866, 0.16196173, 0.06521805
0.64320523, 0.35297978
0.32980055, -0.12570155, 0.7380932
0.94528031, 0.22388378, 0.23718986
0.66072392, 0.37305897
-0.30072296, -0.15322612, 0.46475899
-0.37803277, -0.30042422, 0.87566757
0.57301903, 0.16302371
-0.29306871, -0.07978678, 0.60411525
-0.97634816, -0.10248116, -0.19028291
0.64320523, 0.13090718
-0.31443575, -0.12570155, 0.64022136
-0.95223856, 0.22391431, -0.20746483
0.66072392, 0.15098631
-0.32700613, -0.16817802, -0.78977305
-0.05420087, 0.62071598, -0.78212833
0.02099661, 0.1695624
0.3106246, -0.00062953, -0.78141934
0.05493332, 0.04886013, -0.99728388
0.96679688, 0.84765629
0.32549822, -0.16817802, -0.78942233
0.03656118, 0.72579122, -0.68691063
0.97460938, 0.9316406
-0.14032391, -0.34193033, -0.25731906
-0.19211401, -0.98095644, -0.02807703
0.2378442, 0.78511021
-0.34628603, -0.25506955, 0.23135401
0.84936064, -0.43717766, -0.29563281
0.96536517, 0.4529953
-0.66405261, -0.17840764, -0.16234934
0.32685325, -0.00726341, -0.94503617
0.81204939, 0.42798913
-0.34622094, -0.1835123, 0.24862942
0.97991884, -0.00646992, -0.19913328
0.96912968, 0.429654
-0.64614606, -0.25521642, -0.16134876
0.61452073, -0.53947568, -0.57554859
0.81608951, 0.45304322
-0.65544868, -0.02460398, -0.17080888
0.39286476, 0.39036226, -0.83260596
0.81204939, 0.37781972
-0.34028053, -0.02970791, 0.23746121
0.88137454, 0.37974182, -0.28098392
0.96797317, 0.37948459
-0.35068554, -0.18533646, 0.27298009
0.98324531, -0.03598132, 0.1785638
0.97346318, 0.43024898
-0.34489241, -0.01890151, 0.26166326
0.89834285, 0.43864253, -0.02322458
0.97224319, 0.37595969
-0.67983681, -0.01337822, -0.1667181
0.1056856, 0.53187656, -0.84017456
0.80773097, 0.37415802
-0.68843961, -0.1798124, -0.15825856
-0.16293833, -0.04165776, -0.98574787
0.80773091, 0.42844731
-0.28915042, -0.1798124, -0.27131578
0.56703389, -0.05609302, -0.82177192
0.80773091, 0.42844731
-0.25682759, -0.25521642, -0.24386533
0.56703389, -0.05609302, -0.82177192
0.81608951, 0.45304322
-0.27708507, -0.26292828, -0.2573168
0.56703389, -0.05609302, -0.82177192
0.81199342, 0.45555878
-0.67002153, -0.26292828, -0.15673655
0.30399486, -0.92324597, -0.23490097
0.81199342, 0.45555878
-0.35122824, -0.26276916, 0.25522012
0.8863796, -0.46177557, 0.03271584
0.96949148, 0.45550698
-0.68827313, -0.1798124, -0.15838891
-0.78060246, -0.16187018, 0.60365611
0.238078, 0.17465037
-0.67966706, -0.01337822, -0.16684514
-0.78514969, 0.07132176, 0.6151616
0.2380781, 0.10186541
-0.44904903, 0.18280549, -0.00185272
-0.73366499, 0.40134892, 0.54826504
0.3550311, 0.01607025
-0.60043591, 0.19180702, -0.24372101
-0.74169135, 0.46684164, 0.48158208
0.23836949, 0.01213348
-0.47471359, -0.01103283, 0.23841844
-0.36646625, -0.05212561, -0.92895293
0.46605581, 0.03576815
-0.38443568, 0.04199919, 0.19982865
-0.38148138, -0.02301096, -0.92406994
0.51056057, 0.00803673
-0.38443568, -0.01103283, 0.19982865
-0.39304787, 0.0, -0.91949219
0.51056057, 0.03576815
-0.46628448, 0.03497148, 0.23119113
-0.35041353, -0.08233894, -0.93295085
0.46605581, 0.0117116
-0.47471359, -0.01103283, 0.23841844
0.15179907, -0.11929686, 0.98117006
0.52082032, 0.03461963
-0.40429282, 0.01548319, 0.22324724
0.46845913, 0.03604236, 0.88271737
0.57265472, 0.02075392
-0.44184437, 0.01548319, 0.23567483
0.22766808, 0.13376263, 0.96447647
0.54998708, 0.02075392
-0.38443568, -0.01103283, 0.19982865
0.59089941, -0.23819697, 0.77074498
0.56532508, 0.03461951
-0.38443568, 0.04199919, 0.19982865
0.56736958, 0.26453444, 0.77977842
0.5653252, 0.00688821
-0.46628448, 0.03497148, 0.23119113
0.09805597, 0.33829767, 0.93591112
0.52082032, 0.01056308
0.32483739, -0.25506955, 0.2389266
-0.98821986, 0.09021272, 0.12344737
0.96536517, 0.4529953
0.46678132, -0.17840764, -0.24432099
-0.71102023, -0.01144444, -0.7030549
0.81204939, 0.42798913
0.45169282, -0.25521642, -0.23462659
-0.91839349, 0.1333964, -0.37241736
0.81608951, 0.45304322
0.3332935, -0.1835123, 0.25399107
-0.96841335, 0.01504563, 0.24887845
0.96912968, 0.429654
0.45512593, -0.02460398, -0.24744242
-0.72276986, 0.38447219, -0.57420576
0.81204939, 0.37781972
0.32262105, -0.02970791, 0.24720016
-0.91116059, 0.38935515, 0.1347087
0.96797317, 0.37948459
0.3491776, -0.18533646, 0.27298009
-0.76668602, -0.00668355, 0.64195687
0.97346318, 0.43024898
0.33856007, -0.01890151, 0.26598728
-0.78337961, 0.48951688, 0.38288522
0.97224319, 0.37595969
0.47836339, -0.01337822, -0.25590044
-0.46583453, 0.87728506, -0.11548204
0.80773097, 0.37415802
0.49001783, -0.1798124, -0.25277847
-0.3439436, -0.04165776, -0.93804741
0.80773091, 0.42844731
0.31685477, -0.25521642, -0.24386533
-0.56703389, -0.05609302, -0.82177192
0.81608951, 0.45304322
0.3491776, -0.1798124, -0.27131578
-0.56703389, -0.05609302, -0.82177192
0.80773091, 0.42844731
0.33711225, -0.26292828, -0.2573168
-0.56703389, -0.05609302, -0.82177192
0.81199342, 0.45555878
0.33711225, -0.26276916, 0.25993639
-0.86404002, -0.00384533, 0.50337231
0.96949148, 0.45550698
0.49160147, -0.1798124, -0.2523517
0.95501572, -0.14468825, 0.25876644
0.238078, 0.39672309
0.47995651, -0.01337822, -0.25550878
0.92413098, 0.28293711, 0.25666067
0.2380781, 0.32393807
0.37322611, 0.19180702, -0.28372371
0.845851, 0.47367778, 0.24515519
0.23836949, 0.23420608
0.44633061, -0.01103283, 0.18848889
-0.06811731, -0.05212561, -0.99630725
0.46605581, 0.03576815
0.34822965, 0.04199919, 0.19242385
-0.05249184, -0.02301096, -0.99835199
0.51056057, 0.00803673
0.43561411, 0.03497148, 0.1855835
-0.08435316, -0.08233894, -0.99301124
0.46605581, 0.0117116
0.34822965, -0.01103283, 0.19242385
-0.0400708, 0.0, -0.99917603
0.51056057, 0.03576815
0.44633061, -0.01103283, 0.18848889
0.28440198, -0.11929686, 0.95123142
0.52082032, 0.03461963
0.37622154, 0.01548319, 0.20504099
-0.04382458, 0.03604236, 0.99838251
0.57265472, 0.02075392
0.34822965, -0.01103283, 0.19242385
-0.20249031, -0.23819697, 0.94985807
0.56532508, 0.03461951
0.41547021, 0.01548319, 0.20013161
0.20871608, 0.13376263, 0.96874905
0.54998708, 0.02075392
0.34822965, 0.04199919, 0.19242385
-0.17734306, 0.26453444, 0.94790488
0.5653252, 0.00688821
0.43561411, 0.03497148, 0.1855835
0.31348613, 0.33829767, 0.88726461
0.52082032, 0.01056308
0.32422823, -0.17570858, -0.38859555
-0.74080628, 0.49800104, 0.45069736
0.80730158, 0.12438279
0.21196985, -0.31269124, -0.26467812
-0.14169744, 0.97616506, 0.16428113
0.83626717, 0.15773672
0.30555591, -0.29241753, -0.36293057
-0.27176732, 0.60472429, 0.7485885
0.81211972, 0.13129079
0.20557423, -0.17570858, -0.38859555
-0.66707361, 0.56343269, 0.48731956
0.83791733, 0.12438279
-0.00075396, -0.02637789, 0.21160987
0.0, 0.43214208, -0.90179145
0.8911553, 0.2859357
0.34015334, -0.18114538, 0.31966019
-0.65514082, -0.0425428, -0.75426495
0.80319268, 0.31501889
-0.00075396, -0.18114538, 0.31966019
-0.00366222, -0.15274514, 0.98825037
0.8911553, 0.31501889
0.32106134, -0.02637789, 0.19483534
0.49922177, 0.31879634, -0.8056581
0.80811882, 0.28142071
0.32106134, -0.00846274, 0.30247706
-0.62208927, 0.77471238, 0.11310159
0.80811882, 0.32583892
-0.00075396, -0.01486658, 0.38057628
0.00064089, 0.99591053, -0.09012116
0.8911553, 0.34063578
0.32839915, -0.02198675, 0.25814396
-0.1726127, -0.56935334, -0.80373549
0.8062256, 0.29846102
0.22120474, -0.31253913, 0.28877848
-0.15610218, 0.72151858, -0.67455059
0.83388442, 0.30670673
0.30555591, -0.29242069, 0.27685922
-0.43791008, 0.72191536, -0.53575242
0.81211972, 0.30349851
0.34015334, -0.18114538, 0.26196131
-0.24060793, -0.0118717, -0.97051913
0.80319262, 0.29948848
0.22085081, 0.17090318, 0.00955227
0.40949735, -0.74260688, 0.52989286
0.83397561, 0.23154938
-0.00075396, 0.18840362, -0.2558572
0.00595111, -0.9992981, 0.03689688
0.8911553, 0.16011089
0.22085081, 0.17951173, -0.2558572
0.43717766, -0.85345012, 0.28366953
0.83397561, 0.16011089
-0.00075396, 0.19210279, 0.04708474
0.0, -0.9987182, 0.05017243
0.8911553, 0.24165177
0.30555591, -0.29257205, -0.24318805
-0.54600668, 0.83135474, 0.10327464
0.81211972, 0.16352111
0.34015334, -0.17586371, -0.25652063
-0.11197241, 0.18619342, 0.97610402
0.80319268, 0.15993232
0.32839841, -0.0167044, -0.25652063
-0.07235938, -0.06115909, 0.99548328
0.8062256, 0.15993237
0.32422823, -0.09930678, -0.52862883
-0.83455914, 0.53431809, 0.13412885
0.8073017, 0.08669108
0.19229436, -0.09930678, -0.52862883
-0.18823817, 0.92587054, 0.32758567
0.84134388, 0.08669108
-0.00075396, 0.15973148, -0.60062772
0.00228889, -0.99655139, 0.08273568
0.8911553, 0.06731164
0.22085081, 0.15083952, -0.58297819
-0.54448074, -0.83553576, 0.07321391
0.83397561, 0.07206225
0.30259478, -0.00451331, -0.7622894
-0.59035003, -0.1249733, 0.7973876
0.81288368, 0.02379823
0.32771593, -0.16473764, -0.76935941
-0.28083134, -0.81301308, 0.50996429
0.80640173, 0.02189529
-0.00075396, -0.00451331, -0.77993888
0.0, -0.75160986, 0.65956604
0.7912693, 0.26473588
0.22085081, 0.15083952, -0.58297819
-0.43122655, -0.75951415, 0.48695335
0.70950472, 0.33558792
-0.00075396, 0.15973148, -0.60062772
0.0, -0.73738825, 0.67543566
0.71184492, 0.26473588
0.30259478, -0.00451331, -0.7622894
-0.56587422, -0.73311561, 0.37717825
0.78706241, 0.36147279
0.32422823, -0.09930678, -0.52862883
-0.91564685, -0.39478743, -0.07538072
0.73154747, 0.42272961
-0.14554779, -0.28852916, -0.50310981
0.55360574, 0.62453079, 0.55085909
0.94439328, 0.09355968
-0.14974004, -0.31269124, -0.26468042
0.13760796, 0.97613454, 0.16791284
0.94547522, 0.157736
0.205575, -0.28852916, -0.50311053
-0.59590441, 0.56520277, 0.57042146
0.83791733, 0.09355968
-0.2642011, -0.17570858, -0.38859555
0.74114197, 0.49717703, 0.45109409
0.97500902, 0.12438267
-0.14555016, -0.17570858, -0.38859555
0.69588304, 0.6085391, 0.38126773
0.94439387, 0.12438279
-0.2455287, -0.29241753, -0.36293057
0.27695549, 0.60557878, 0.74602497
0.97019088, 0.13129091
-0.34166124, -0.18114538, 0.31966019
0.66673785, -0.06176946, -0.74269843
0.97911787, 0.31501877
-0.32256925, -0.02637789, 0.19483534
-0.49922177, 0.31879634, -0.8056581
0.97419178, 0.28142071
-0.32256925, -0.00846274, 0.30247706
0.6380505, 0.76909697, 0.03671377
0.97419178, 0.32583892
-0.32990628, -0.02198675, 0.25814396
0.17126988, -0.56477553, -0.80724508
0.97608501, 0.29846102
-0.18311536, -0.31253913, 0.28877848
0.06939909, 0.79555649, -0.60185552
0.93820912, 0.30670673
-0.34166124, -0.18114538, 0.26196131
0.24738304, 0.16089359, -0.95544297
0.97911787, 0.29948848
-0.22235875, 0.17090318, 0.00955227
-0.46635336, -0.74361402, 0.47904906
0.94833499, 0.23154938
-0.16082363, 0.17951173, -0.2558572
-0.33259073, -0.9276101, 0.16992706
0.94833499, 0.16011089
-0.2455287, -0.29257205, -0.24318805
0.54780722, 0.83428448, 0.06179998
0.97019088, 0.16352111
-0.28012612, -0.17586371, -0.25652063
0.10470901, 0.09006012, 0.99038666
0.97911787, 0.15993232
-0.26837116, -0.0167044, -0.25652063
0.07181005, -0.06521805, 0.99526966
0.97608501, 0.15993237
-0.2642011, -0.09930678, -0.52862793
0.81249428, 0.58241522, 0.02478103
0.97500902, 0.08669114
-0.19380465, -0.09930678, -0.52862883
0.16071047, 0.95962399, 0.23075046
0.94096732, 0.08669108
-0.22235875, 0.15083952, -0.58297819
0.64937282, -0.75838494, -0.05566576
0.94833499, 0.07206225
-0.32922459, -0.16473764, -0.76952624
0.44868311, -0.85210729, 0.26935637
0.97590899, 0.02185023
-0.30410191, -0.00451331, -0.7622894
0.66783655, -0.13440351, 0.7320475
0.96942669, 0.02379823
-0.00075396, -0.16473764, -0.78645611
6.104e-05, -0.13415937, 0.99093598
0.8911553, 0.01729357
-0.00075396, -0.00451331, -0.77993888
0.0, -0.04062014, 0.99914551
0.8911553, 0.0190475
-0.22235875, 0.15083952, -0.58297819
0.50160223, -0.74315619, 0.44279304
0.70950431, 0.19388372
-0.30410191, -0.00451331, -0.7622894
0.62462234, -0.70827359, 0.32886747
0.78706199, 0.16799909
-0.2642011, -0.09930678, -0.52862793
0.9454329, -0.21189001, -0.24741356
0.73154747, 0.10674173
-0.30706382, -0.29242069, 0.27685922
0.46726888, 0.7498703, -0.46830654
0.97019088, 0.30349851
0.32958043, -0.00741001, 0.31837043
-0.36408582, 0.92117071, 0.13711967
0.80592072, 0.33011669
0.22671761, 0.18280549, 0.00800387
0.80208749, -0.32761618, 0.49928281
0.83246201, 0.23113269
0.33711225, -0.01890152, 0.26897278
0.78817105, -0.08355968, -0.60972929
0.80397731, 0.30137569
0.3491776, -0.18533646, 0.27298009
0.66231269, -0.13129063, -0.73760188
0.80086398, 0.30245441
0.33711225, -0.26276916, 0.25993639
-0.72643209, 0.51054412, -0.46000549
0.80397731, 0.2989434
0.33711225, -0.26292828, -0.2573168
0.12598041, 0.35996583, 0.92440563
0.80397731, 0.15971798
0.3491776, -0.1798124, -0.27131578
0.85464036, 0.00985748, 0.51908934
0.80086398, 0.15595001
0.33711225, -0.01337821, -0.27131578
0.80990022, 0.24219489, 0.53416544
0.80397731, 0.15595013
0.22671761, 0.19180702, -0.27061996
0.90371412, 0.07486191, 0.42146063
0.83246201, 0.15613753
-0.22822554, 0.18280549, 0.00800464
-0.83828241, -0.37269205, 0.39790031
0.94984859, 0.23113269
-0.16669042, 0.19180702, -0.27061996
-0.93960387, -0.03366192, 0.34052554
0.94984859, 0.15613753
-0.27708507, -0.01337821, -0.27131578
-0.81203651, 0.24024171, 0.53181553
0.97833341, 0.15595013
-0.28915042, -0.1798124, -0.27131578
-0.85934019, 0.06228828, 0.50752282
0.98144662, 0.15595001
-0.27708507, -0.26292828, -0.2573168
-0.31580552, 0.11282693, 0.94207585
0.97833341, 0.15971798
-0.33862019, -0.26276916, 0.25993639
0.70982999, 0.44285408, -0.54768515
0.97833341, 0.2989434
-0.35068554, -0.18533646, 0.27298009
-0.77538377, 0.01080355, -0.63136691
0.98144662, 0.30245441
-0.33862019, -0.01890152, 0.26897278
-0.78652304, -0.08343761, -0.61186558
0.97833341, 0.30137569
-0.33108836, -0.00475963, 0.31837043
0.46598712, 0.88369393, 0.0438551
0.97638988, 0.33011669
-0.35068554, -0.17082159, -0.63252109
0.57200843, -0.8184759, 0.0532548
0.98144662, 0.05872703
-0.34883282, -0.16817802, -0.78826004
0.09869686, -0.99197364, 0.0786462
0.98096842, 0.01680803
-0.00075396, -0.16817802, -0.80678844
6.104e-05, -0.9859615, 0.16687521
0.8911553, 0.01182079
0.34732491, -0.16817802, -0.78826004
-0.13525803, -0.97042757, 0.19989623
0.80134219, 0.01680803
0.3491776, -0.17082159, -0.63252109
-0.9416486, -0.33646658, 0.00546281
0.80086398, 0.05872703
0.22132333, 0.01658287, 0.19199181
0.49800104, 0.81301308, 0.30158392
0.7290383, 0.04162425
0.13052583, -0.00104344, 0.19695909
0.1068453, -0.5074923, 0.85497606
0.76120633, 0.04346019
0.21256432, -0.00104344, 0.19695909
-0.1068453, -0.5074923, 0.85497606
0.73214149, 0.04346019
0.12176682, 0.01658287, 0.19199181
-0.49800104, 0.81301308, 0.30158392
0.76430953, 0.04162425
0.13052583, 0.00646068, 0.17673014
0.1068453, 0.17285684, -0.97912532
0.76120633, 0.03598422
0.21256432, 0.00646068, 0.17673014
-0.10681479, 0.17285684, -0.97912532
0.73214149, 0.03598422
0.08950742, -0.06601714, 0.17285644
0.20300913, -0.34052554, 0.91802728
0.77573872, 0.03455257
0.07198857, -0.06226542, 0.16274273
-1.0, 0.0, 0.0
0.78194511, 0.03081453
0.08950742, -0.0585137, 0.15262826
0.20297861, 0.34052554, -0.91802728
0.77573872, 0.02707654
0.13052662, -0.13099162, 0.14875457
0.1068453, -0.17285684, 0.97912532
0.76120633, 0.0256449
0.12176682, -0.14111382, 0.13349365
-0.49800104, -0.81301308, -0.30158392
0.76430953, 0.02000481
0.13052662, -0.12348745, 0.1285256
0.1068453, 0.5074923, -0.85497606
0.76120633, 0.01816893
0.21256432, -0.13099162, 0.14875457
-0.1068453, -0.17285684, 0.97912532
0.73214138, 0.0256449
0.22132333, -0.14111382, 0.13349365
0.49800104, -0.81301308, -0.30158392
0.7290383, 0.02000481
0.21256432, -0.12348745, 0.1285256
-0.1068453, 0.5074923, -0.85497606
0.73214138, 0.01816893
0.25358358, -0.06601714, 0.17285644
-0.20297861, -0.34055606, 0.91802728
0.71760899, 0.03455257
0.27110159, -0.06226542, 0.16274273
1.0, 0.0, 0.0
0.7114026, 0.03081453
0.25358358, -0.0585137, 0.15262826
-0.20297861, 0.34052554, -0.91802728
0.71760899, 0.0270766
0.18333568, -0.06137658, 0.16020271
0.81740773, 0.19757684, -0.54109317
0.74249679, 0.02987593
0.15994135, -0.06137658, 0.16020271
-0.81740773, 0.19757684, -0.54109317
0.75078511, 0.02987593
0.17163849, -0.05065973, 0.16411738
0.0, 0.96456802, -0.26377147
0.74664098, 0.0313226
0.17163849, -0.07209416, 0.15628801
0.0, -0.56755275, -0.82329786
0.74664098, 0.02842927
0.18333568, -0.12239391, 0.32732344
1.0, 0.0, 0.0
0.74249679, 0.09163976
0.17163849, -0.11167628, 0.33123812
0.0, 0.93932921, 0.34293649
0.74664098, 0.09308648
0.15994135, -0.12239391, 0.32732344
-1.0, 0.0, 0.0
0.75078511, 0.09163976
0.17163849, -0.1331107, 0.32340953
0.0, -0.93932921, -0.34293649
0.74664098, 0.09019303
0.2419681, 0.01101479, -0.11645645
0.56535536, 0.57103181, 0.59520251
0.75626421, 0.48439831
-0.1819409, 0.0201207, -0.16797636
-0.61262858, 0.78005308, 0.12720114
0.94847548, 0.46985441
-0.1819409, 0.01101479, -0.11645645
-0.55662709, 0.57710499, 0.5975219
0.94044322, 0.48439878
0.2419681, 0.0201207, -0.16797636
0.61839658, 0.77385783, 0.13675344
0.7482335, 0.46985388
0.26621041, -0.29895711, 0.13378866
0.0, 0.19269387, 0.98123109
0.74409783, 0.69239759
-0.26771829, -0.22942863, 0.12013487
-0.65977967, 0.6082949, 0.44114506
0.95260233, 0.66403031
-0.26771829, -0.29895711, 0.13378866
0.0, 0.19269387, 0.98123109
0.95260233, 0.6923981
0.26621041, -0.22942863, 0.12013409
0.58821374, 0.62446976, 0.5137791
0.74409932, 0.66402999
0.26621041, -0.22942863, -0.09234146
0.89675587, 0.37748346, 0.23084201
0.74407029, 0.57896361
-0.20618317, -0.22942863, -0.09234146
-0.85457933, 0.5030061, 0.1289407
0.95263219, 0.5789645
-0.20618317, -0.29895711, -0.14386134
-0.99334699, 0.06848353, -0.09241004
0.9803136, 0.59874299
-0.20618317, -0.29895711, -0.14386134
0.0, -0.0753502, -0.99713129
0.58283073, 0.08831573
0.2419681, 0.0201207, -0.16797636
0.0, -0.0753502, -0.99713129
0.69623673, 0.00896919
0.26621041, -0.29895711, -0.14386134
0.0, -0.0753502, -0.99713129
0.70163071, 0.08831573
-0.1819409, 0.0201207, -0.16797636
0.0, -0.0753502, -0.99713129
0.58822459, 0.00896919
0.26621041, -0.29895711, -0.14386134
0.99237037, 0.08542131, -0.08862575
0.71638751, 0.59874061
-0.20618317, -0.29895711, -0.14386134
-0.95577866, 0.13855404, -0.25928527
0.98047602, 0.55834851
-0.26771829, -0.29895711, 0.13378866
-0.97540206, -0.04245125, -0.21616261
0.98043591, 0.6695067
0.26621041, -0.29895711, 0.13378866
1.0, 0.0, 0.0
0.71626592, 0.66950601
0.26621041, -0.29895711, -0.14386134
0.99996948, 0.0, 0.0
0.71622628, 0.55834779
0.18331365, 0.01101479, -0.46253371
0.57115388, 0.56624043, 0.59422588
0.75626421, 0.48439831
-0.18482156, 0.0201207, -0.51405364
-0.69438767, 0.70525223, 0.14276558
0.94847548, 0.46985441
-0.18482156, 0.01101479, -0.46253371
-0.65321815, 0.48896757, 0.57805109
0.94044322, 0.48439878
0.18331365, 0.0201207, -0.51405364
0.62251657, 0.77065343, 0.13620411
0.7482335, 0.46985388
0.21599983, -0.30830163, -0.26205549
0.00018311, 0.07318339, 0.99731439
0.74409783, 0.69239759
-0.16063125, -0.22942863, -0.26777107
-0.63582265, 0.56300545, 0.52790916
0.95260233, 0.66403031
-0.15196562, -0.30830163, -0.26148245
0.00152593, 0.07962279, 0.99679554
0.95260233, 0.6923981
0.22285709, -0.22942863, -0.26777107
0.64745015, 0.56233406, 0.51432842
0.74409932, 0.66402999
0.20169705, -0.22942863, -0.43841952
0.88860744, 0.39957884, 0.22501297
0.74407029, 0.57896361
-0.14167064, -0.22942863, -0.43841952
-0.8743248, 0.34647664, 0.33979309
0.95263219, 0.5789645
-0.14167064, -0.28385073, -0.48993936
-0.98232979, -0.12866604, 0.13589892
0.9803136, 0.59874299
-0.14167064, -0.28385073, -0.48993936
0.0, -0.07907346, -0.99685657
0.58283073, 0.08831573
0.18331365, 0.0201207, -0.51405364
0.0, -0.07907346, -0.99685657
0.69623673, 0.00896919
0.20169705, -0.28385073, -0.48993936
0.0, -0.07907346, -0.99685657
0.70163071, 0.08831573
-0.18482156, 0.0201207, -0.51405364
0.0, -0.07907346, -0.99685657
0.58822459, 0.00896919
0.20169705, -0.28385073, -0.48993936
0.99615467, 0.0672628, -0.05560473
0.71638751, 0.59874061
-0.14167064, -0.28385073, -0.48993936
-0.99563587, 0.02230903, -0.09042634
0.98047602, 0.55834851
-0.15196562, -0.30830163, -0.26148245
-0.99188209, -0.11349834, -0.05682547
0.98043591, 0.6695067
0.21599983, -0.30830163, -0.26205549
0.99221778, -0.06170843, -0.10806604
0.71626592, 0.66950601
0.20169705, -0.28385073, -0.48993936
0.99691761, 0.05374309, -0.05679495
0.71622628, 0.55834779
0.33472413, -0.29056033, 0.30706608
0.0, 0.0, -1.0
0.52991098, 0.21777809
0.24509341, -0.21944501, 0.32612178
0.0, 0.49998474, -0.86602372
0.51577652, 0.22574341
0.33472413, -0.21944501, 0.32612178
0.0, 0.49998474, -0.86602372
0.52991098, 0.22574341
0.24509341, -0.29056033, 0.30706608
0.0, 0.0, -1.0
0.51577652, 0.21777809
0.24509341, -0.16738541, 0.37818137
0.0, 0.86602372, -0.49998474
0.51577652, 0.23370874
0.33472413, -0.16738541, 0.37818137
0.0, 0.86602372, -0.49998474
0.52991098, 0.23370874
0.24509341, -0.14832972, 0.44929665
0.0, 1.0, 0.0
0.51577652, 0.24167407
0.33472413, -0.14832972, 0.44929665
0.0, 1.0, 0.0
0.52991098, 0.24167407
0.24509341, -0.1673854, 0.52041197
0.0, 0.86602372, 0.49998474
0.51577652, 0.24963927
0.33472413, -0.1673854, 0.52041197
0.0, 0.86602372, 0.49998474
0.52991098, 0.24963927
0.24509341, -0.21944499, 0.57247156
0.0, 0.49998474, 0.86602372
0.51577652, 0.2576046
0.33472413, -0.21944499, 0.57247156
0.0, 0.49998474, 0.86602372
0.52991098, 0.2576046
0.24509341, -0.29056031, 0.59152728
0.0, 0.0, 1.0
0.51577652, 0.26556993
0.33472413, -0.29056031, 0.59152728
0.0, 0.0, 1.0
0.52991098, 0.26556993
0.24509341, -0.36167559, 0.57247156
0.0, -0.49998474, 0.86602372
0.51577652, 0.27353525
0.33472413, -0.36167559, 0.57247156
0.0, -0.49998474, 0.86602372
0.52991098, 0.27353525
0.24509341, -0.41373521, 0.52041197
0.0, -0.86602372, 0.49998474
0.51577652, 0.28150052
0.33472413, -0.41373521, 0.52041197
0.0, -0.86602372, 0.49998474
0.52991098, 0.28150052
0.24509341, -0.43279088, 0.44929668
0.0, -1.0, 0.0
0.51577652, 0.28946584
0.33472413, -0.43279088, 0.44929668
0.0, -1.0, 0.0
0.52991098, 0.28946584
0.24509341, -0.41373521, 0.3781814
0.0, -0.96591085, -0.25879696
0.51577652, 0.29743111
0.33472413, -0.41373521, 0.3781814
0.0, -0.96591085, -0.25879696
0.52991098, 0.29743111
0.33472413, -0.41373521, 0.3781814
0.0, -0.70708334, -0.70708334
0.52991098, 0.20184743
0.24509341, -0.36167562, 0.32612181
0.0, -0.49998474, -0.86602372
0.51577652, 0.20981276
0.33472413, -0.36167562, 0.32612181
0.0, -0.49998474, -0.86602372
0.52991098, 0.20981276
0.24509341, -0.41373521, 0.3781814
0.0, -0.70708334, -0.70708334
0.51577652, 0.20184743
0.33472413, -0.21944501, 0.32612178
0.99996948, 0.0, 0.0
0.11091954, 0.39719868
0.33472413, -0.29056031, 0.44929665
1.0, 0.0, 0.0
0.13193619, 0.4336006
0.33472413, -0.29056033, 0.30706608
1.0, 0.0, 0.0
0.13193619, 0.39156729
0.33472413, -0.16738541, 0.37818137
1.0, 0.0, 0.0
0.09553429, 0.41258395
0.33472413, -0.14832972, 0.44929665
1.0, 0.0, 0.0
0.08990288, 0.4336006
0.33472413, -0.1673854, 0.52041197
1.0, 0.0, 0.0
0.09553429, 0.45461726
0.33472413, -0.21944499, 0.57247156
1.0, 0.0, 0.0
0.11091954, 0.47000253
0.33472413, -0.29056031, 0.59152728
1.0, 0.0, 0.0
0.13193619, 0.47563392
0.33472413, -0.36167559, 0.57247156
1.0, 0.0, 0.0
0.15295285, 0.47000253
0.33472413, -0.41373521, 0.52041197
1.0, 0.0, 0.0
0.16833809, 0.45461726
0.33472413, -0.43279088, 0.44929668
1.0, 0.0, 0.0
0.17396948, 0.4336006
0.33472413, -0.41373521, 0.3781814
1.0, 0.0, 0.0
0.16833809, 0.41258395
0.33472413, -0.36167562, 0.32612181
1.0, 0.0, 0.0
0.15295288, 0.39719868
0.24509341, -0.29056033, 0.30706608
-1.0, 0.0, 0.0
0.13193622, 0.39156729
0.24509341, -0.29056031, 0.44929665
-1.0, 0.0, 0.0
0.13193622, 0.4336006
0.24509341, -0.21944501, 0.32612178
-0.99996948, 0.0, 0.0
0.11091956, 0.39719874
0.24509341, -0.16738541, 0.37818137
-1.0, 0.0, 0.0
0.09553432, 0.41258395
0.24509341, -0.14832972, 0.44929665
-1.0, 0.0, 0.0
0.08990291, 0.4336006
0.24509341, -0.1673854, 0.52041197
-0.99996948, 0.0, 0.0
0.09553432, 0.45461726
0.24509341, -0.21944499, 0.57247156
-1.0, 0.0, 0.0
0.11091956, 0.47000253
0.24509341, -0.29056031, 0.59152728
-1.0, 0.0, 0.0
0.13193622, 0.47563392
0.24509341, -0.36167559, 0.57247156
-1.0, 0.0, 0.0
0.15295288, 0.47000253
0.24509341, -0.41373521, 0.52041197
-1.0, 0.0, 0.0
0.16833812, 0.45461726
0.24509341, -0.43279088, 0.44929668
-1.0, 0.0, 0.0
0.17396951, 0.4336006
0.24509341, -0.41373521, 0.3781814
-1.0, 0.0, 0.0
0.16833812, 0.41258395
0.24509341, -0.36167562, 0.32612181
-1.0, 0.0, 0.0
0.15295291, 0.39719874
0.33472413, -0.29056036, -0.666843
0.0, 0.0, -1.0
0.52991098, 0.21777809
0.24509341, -0.21944505, -0.64778733
0.0, 0.49998474, -0.86602372
0.51577652, 0.22574341
0.33472413, -0.21944505, -0.64778733
0.0, 0.49998474, -0.86602372
0.52991098, 0.22574341
0.24509341, -0.29056036, -0.666843
0.0, 0.0, -1.0
0.51577652, 0.21777809
0.24509341, -0.16738546, -0.59572768
0.0, 0.86602372, -0.49998474
0.51577652, 0.23370874
0.33472413, -0.16738546, -0.59572768
0.0, 0.86602372, -0.49998474
0.52991098, 0.23370874
0.24509341, -0.14832976, -0.52461243
0.0, 1.0, 0.0
0.51577652, 0.24167407
0.33472413, -0.14832976, -0.52461243
0.0, 1.0, 0.0
0.52991098, 0.24167407
0.24509341, -0.16738544, -0.45349711
0.0, 0.86602372, 0.49998474
0.51577652, 0.24963927
0.33472413, -0.16738544, -0.45349711
0.0, 0.86602372, 0.49998474
0.52991098, 0.24963927
0.24509341, -0.21944503, -0.40143752
0.0, 0.49998474, 0.86602372
0.51577652, 0.2576046
0.33472413, -0.21944503, -0.40143752
0.0, 0.49998474, 0.86602372
0.52991098, 0.2576046
0.24509341, -0.29056033, -0.3823818
0.0, 0.0, 1.0
0.51577652, 0.26556993
0.33472413, -0.29056033, -0.3823818
0.0, 0.0, 1.0
0.52991098, 0.26556993
0.24509341, -0.36167562, -0.40143752
0.0, -0.49998474, 0.86602372
0.51577652, 0.27353525
0.33472413, -0.36167562, -0.40143752
0.0, -0.49998474, 0.86602372
0.52991098, 0.27353525
0.24509341, -0.41373524, -0.45349711
0.0, -0.86602372, 0.49998474
0.51577652, 0.28150052
0.33472413, -0.41373524, -0.45349711
0.0, -0.86602372, 0.49998474
0.52991098, 0.28150052
0.24509341, -0.43279091, -0.52461243
0.0, -1.0, 0.0
0.51577652, 0.28946584
0.33472413, -0.43279091, -0.52461243
0.0, -1.0, 0.0
0.52991098, 0.28946584
0.24509341, -0.41373524, -0.59572768
0.0, -0.96591085, -0.25879696
0.51577652, 0.29743111
0.33472413, -0.41373524, -0.59572768
0.0, -0.96591085, -0.25879696
0.52991098, 0.29743111
0.33472413, -0.41373524, -0.59572768
0.0, -0.70708334, -0.70708334
0.52991098, 0.20184743
0.24509341, -0.36167565, -0.64778727
0.0, -0.49998474, -0.86602372
0.51577652, 0.20981276
0.33472413, -0.36167565, -0.64778727
0.0, -0.49998474, -0.86602372
0.52991098, 0.20981276
0.24509341, -0.41373524, -0.59572768
0.0, -0.70708334, -0.70708334
0.51577652, 0.20184743
0.33472413, -0.21944505, -0.64778733
1.0, 0.0, 0.0
0.11091602, 0.39731103
0.33472413, -0.29056033, -0.52461243
1.0, 0.0, 0.0
0.13193268, 0.43371296
0.33472413, -0.29056036, -0.666843
1.0, 0.0, 0.0
0.13193268, 0.39167964
0.33472413, -0.16738546, -0.59572768
1.0, 0.0, 0.0
0.09553078, 0.4126963
0.33472413, -0.14832976, -0.52461243
1.0, 0.0, 0.0
0.08989936, 0.43371296
0.33472413, -0.16738544, -0.45349711
1.0, 0.0, 0.0
0.09553078, 0.45472962
0.33472413, -0.21944503, -0.40143752
1.0, 0.0, 0.0
0.11091602, 0.47011489
0.33472413, -0.29056033, -0.3823818
1.0, 0.0, 0.0
0.13193268, 0.47574627
0.33472413, -0.36167562, -0.40143752
1.0, 0.0, 0.0
0.15294933, 0.47011489
0.33472413, -0.41373524, -0.45349711
1.0, 0.0, 0.0
0.16833457, 0.45472962
0.33472413, -0.43279091, -0.52461243
1.0, 0.0, 0.0
0.17396596, 0.43371296
0.33472413, -0.41373524, -0.59572768
1.0, 0.0, 0.0
0.16833457, 0.4126963
0.33472413, -0.36167565, -0.64778727
1.0, 0.0, 0.0
0.15294936, 0.39731103
0.24509341, -0.29056036, -0.666843
-1.0, 0.0, 0.0
0.13217875, 0.39167964
0.24509341, -0.29056033, -0.52461243
-1.0, 0.0, 0.0
0.13217875, 0.43371296
0.24509341, -0.21944505, -0.64778733
-1.0, 0.0, 0.0
0.1111621, 0.39731103
0.24509341, -0.16738546, -0.59572768
-1.0, 0.0, 0.0
0.09577686, 0.4126963
0.24509341, -0.14832976, -0.52461243
-1.0, 0.0, 0.0
0.09014544, 0.43371296
0.24509341, -0.16738544, -0.45349711
-1.0, 0.0, 0.0
0.09577686, 0.45472962
0.24509341, -0.21944503, -0.40143752
-1.0, 0.0, 0.0
0.1111621, 0.47011489
0.24509341, -0.29056033, -0.3823818
-1.0, 0.0, 0.0
0.13217875, 0.47574627
0.24509341, -0.36167562, -0.40143752
-1.0, 0.0, 0.0
0.15319541, 0.47011489
0.24509341, -0.41373524, -0.45349711
-1.0, 0.0, 0.0
0.16858065, 0.45472962
0.24509341, -0.43279091, -0.52461243
-1.0, 0.0, 0.0
0.17421204, 0.43371296
0.24509341, -0.41373524, -0.59572768
-1.0, 0.0, 0.0
0.16858065, 0.4126963
0.24509341, -0.36167565, -0.64778727
-1.0, 0.0, 0.0
0.15319544, 0.39731103
-0.28740537, -0.3374708, -0.65589023
-0.46427807, -0.38892788, -0.79570907
0.52991098, 0.21777809
-0.35794255, -0.2478933, -0.63457006
-0.40208137, 0.11236915, -0.90865809
0.51577652, 0.22574341
-0.27855805, -0.26616803, -0.67195719
-0.40208137, 0.11236915, -0.90865809
0.52991098, 0.22574341
-0.36678988, -0.31919605, -0.61850309
-0.46427807, -0.38892788, -0.79570907
0.51577652, 0.21777809
-0.33377188, -0.1808739, -0.61600709
-0.23212378, 0.58357495, -0.77816093
0.51577652, 0.23370874
-0.25438738, -0.19914863, -0.65339434
-0.23212378, 0.58357495, -0.77816093
0.52991098, 0.23370874
-0.30075392, -0.13609421, -0.56778789
0.0, 0.89840388, -0.43913084
0.51577652, 0.24167407
-0.22136939, -0.15436894, -0.60517508
0.0, 0.89840388, -0.43913084
0.52991098, 0.24167407
-0.2677359, -0.12555441, -0.50283229
0.23212378, 0.97250283, 0.01754814
0.51577652, 0.24963927
-0.18835139, -0.14382914, -0.54021943
0.23212378, 0.97250283, 0.01754814
0.52991098, 0.24963927
-0.24356526, -0.15207748, -0.43854618
0.40208137, 0.7860347, 0.46952727
0.51577652, 0.2576046
-0.16418076, -0.17035222, -0.47593331
0.40208137, 0.7860347, 0.46952727
0.52991098, 0.2576046
-0.23471791, -0.20855708, -0.39215338
0.46427807, 0.38892788, 0.79570907
0.51577652, 0.26556993
-0.1553334, -0.22683184, -0.42954057
0.46427807, 0.38892788, 0.79570907
0.52991098, 0.26556993
-0.24356526, -0.27985987, -0.37608653
0.40208137, -0.11236915, 0.90865809
0.51577652, 0.27353525
-0.16418076, -0.29813457, -0.41347373
0.40208137, -0.11236915, 0.90865809
0.52991098, 0.27353525
-0.2677359, -0.34687924, -0.39464945
0.23212378, -0.58357495, 0.77816093
0.51577652, 0.28150052
-0.18835139, -0.36515397, -0.43203658
0.23212378, -0.58357495, 0.77816093
0.52991098, 0.28150052
-0.30075392, -0.39165896, -0.44286865
0.0, -0.89840388, 0.43913084
0.51577652, 0.28946584
-0.22136939, -0.40993369, -0.48025584
0.0, -0.89840388, 0.43913084
0.52991098, 0.28946584
-0.33377188, -0.40219873, -0.50782424
-0.12015137, -0.96844387, 0.21820734
0.51577652, 0.29743111
-0.25438738, -0.42047346, -0.54521143
-0.12015137, -0.96844387, 0.21820734
0.52991098, 0.29743111
-0.25438738, -0.42047346, -0.54521143
-0.3282876, -0.91027558, -0.2521134
0.52991098, 0.20184743
-0.35794255, -0.37567568, -0.57211041
-0.40208137, -0.7860347, -0.46952727
0.51577652, 0.20981276
-0.27855805, -0.3939504, -0.60949755
-0.40208137, -0.7860347, -0.46952727
0.52991098, 0.20981276
-0.33377188, -0.40219873, -0.50782424
-0.3282876, -0.91027558, -0.2521134
0.51577652, 0.20184743
-0.27855805, -0.26616803, -0.67195719
0.88567764, -0.20386365, -0.41709647
0.11091602, 0.39706498
-0.22136939, -0.28215131, -0.54271543
0.88567764, -0.20386365, -0.41709647
0.13193268, 0.43346691
-0.28740537, -0.3374708, -0.65589023
0.88567764, -0.20386365, -0.41709647
0.13193268, 0.3914336
-0.25438738, -0.19914863, -0.65339434
0.88567764, -0.20386365, -0.41709647
0.09553078, 0.41245025
-0.22136939, -0.15436894, -0.60517508
0.88567764, -0.20386365, -0.41709647
0.08989936, 0.43346691
-0.18835139, -0.14382914, -0.54021943
0.88567764, -0.20386365, -0.41709647
0.09553078, 0.45448357
-0.16418076, -0.17035222, -0.47593331
0.88567764, -0.20386365, -0.41709647
0.11091602, 0.46986884
-0.1553334, -0.22683184, -0.42954057
0.88567764, -0.20386365, -0.41709647
0.13193268, 0.47550023
-0.16418076, -0.29813457, -0.41347373
0.88567764, -0.20386365, -0.41709647
0.15294933, 0.46986884
-0.18835139, -0.36515397, -0.43203658
0.88567764, -0.20386365, -0.41709647
0.16833457, 0.45448357
-0.22136939, -0.40993369, -0.48025584
0.88567764, -0.20386365, -0.41709647
0.17396596, 0.43346691
-0.25438738, -0.42047346, -0.54521143
0.88567764, -0.20386365, -0.41709647
0.16833457, 0.41245025
-0.27855805, -0.3939504, -0.60949755
0.88567764, -0.20386365, -0.41709647
0.15294936, 0.39706498
-0.36678988, -0.31919605, -0.61850309
-0.88567764, 0.20386365, 0.41709647
0.13201752, 0.39179873
-0.30075392, -0.26387659, -0.5053283
-0.88567764, 0.20386365, 0.41709647
0.13201752, 0.43383205
-0.35794255, -0.2478933, -0.63457006
-0.88567764, 0.20386365, 0.41709647
0.11100087, 0.39743018
-0.33377188, -0.1808739, -0.61600709
-0.88567764, 0.20386365, 0.41709647
0.09561563, 0.41281539
-0.30075392, -0.13609421, -0.56778789
-0.88567764, 0.20386365, 0.41709647
0.08998421, 0.43383205
-0.2677359, -0.12555441, -0.50283229
-0.88567764, 0.20386365, 0.41709647
0.09561563, 0.45484871
-0.24356526, -0.15207748, -0.43854618
-0.88567764, 0.20386365, 0.41709647
0.11100087, 0.47023398
-0.23471791, -0.20855708, -0.39215338
-0.88567764, 0.20386365, 0.41709647
0.13201752, 0.47586536
-0.24356526, -0.27985987, -0.37608653
-0.88567764, 0.20386365, 0.41709647
0.15303418, 0.47023398
-0.2677359, -0.34687924, -0.39464945
-0.88567764, 0.20386365, 0.41709647
0.16841942, 0.45484871
-0.30075392, -0.39165896, -0.44286865
-0.88567764, 0.20386365, 0.41709647
0.17405081, 0.43383205
-0.33377188, -0.40219873, -0.50782424
-0.88567764, 0.20386365, 0.41709647
0.16841942, 0.41281539
-0.35794255, -0.37567568, -0.57211041
-0.88567764, 0.20386365, 0.41709647
0.15303421, 0.39743018
-0.15654427, -0.30751979, 0.33215845
0.53819394, -0.47978148, -0.69289225
0.52991098, 0.21777809
-0.2423417, -0.26737404, 0.26521596
0.46610919, -0.0044557, -0.88470107
0.51577652, 0.22574341
-0.16680038, -0.23991062, 0.30487624
0.46607867, -0.0044557, -0.88470107
0.52991098, 0.22574341
-0.23208559, -0.33498323, 0.29249817
0.53819394, -0.47978148, -0.69289225
0.51577652, 0.21777809
-0.2703611, -0.19959562, 0.27165046
0.26908171, 0.47206029, -0.83947265
0.51577652, 0.23370874
-0.19481981, -0.17213221, 0.31131074
0.26908171, 0.47206029, -0.83947265
0.52991098, 0.23370874
-0.30863661, -0.14980766, 0.31007764
0.0, 0.82210761, -0.56929225
0.51577652, 0.24167407
-0.23309529, -0.12234424, 0.34973794
0.0, 0.82210761, -0.56929225
0.52991098, 0.24167407
-0.34691212, -0.13135226, 0.37020159
-0.26908171, 0.95187229, -0.14654988
0.51577652, 0.24963927
-0.27137083, -0.10388882, 0.40986189
-0.26908171, 0.95187229, -0.14654988
0.52991098, 0.24963927
-0.37493151, -0.14917347, 0.43591094
-0.46610919, 0.8265633, 0.3154088
0.51577652, 0.2576046
-0.2993902, -0.12171004, 0.47557124
-0.46610919, 0.8265633, 0.3154088
0.52991098, 0.2576046
-0.38518763, -0.19849648, 0.48960048
-0.53819394, 0.47978148, 0.69289225
0.51577652, 0.26556993
-0.30964634, -0.17103304, 0.52926069
-0.53819394, 0.47978148, 0.69289225
0.52991098, 0.26556993
-0.37493151, -0.26610565, 0.5168826
-0.46607867, 0.0044557, 0.88470107
0.51577652, 0.27353525
-0.2993902, -0.23864223, 0.55654287
-0.46607867, 0.0044557, 0.88470107
0.52991098, 0.27353525
-0.34691212, -0.33388409, 0.51044816
-0.26908171, -0.47206029, 0.83947265
0.51577652, 0.28150052
-0.27137083, -0.30642065, 0.55010843
-0.26908171, -0.47206029, 0.83947265
0.52991098, 0.28150052
-0.30863661, -0.38367203, 0.47202092
0.0, -0.82210761, 0.56929225
0.51577652, 0.28946584
-0.23309529, -0.35620859, 0.5116812
0.0, -0.82210761, 0.56929225
0.52991098, 0.28946584
-0.2703611, -0.40212744, 0.411897
0.13928647, -0.91830194, 0.37055573
0.51577652, 0.29743111
-0.19481981, -0.37466404, 0.45155728
0.13928647, -0.91830194, 0.37055573
0.52991098, 0.29743111
-0.19481981, -0.37466404, 0.45155728
0.38056582, -0.92059082, -0.08737449
0.52991098, 0.20184743
-0.2423417, -0.38430622, 0.34618762
0.46607867, -0.8265633, -0.3154088
0.51577652, 0.20981276
-0.16680038, -0.35684279, 0.3858479
0.46610919, -0.8265633, -0.3154088
0.52991098, 0.20981276
-0.2703611, -0.40212744, 0.411897
0.38056582, -0.92059082, -0.08737449
0.51577652, 0.20184743
-0.16680038, -0.23991062, 0.30487624
0.84279919, 0.30640584, 0.44245735
0.11091956, 0.39680809
-0.23309529, -0.23927644, 0.43070957
0.84279919, 0.30640584, 0.44245735
0.13193622, 0.43321002
-0.15654427, -0.30751979, 0.33215845
0.84279919, 0.30640584, 0.44245735
0.13193622, 0.3911767
-0.19481981, -0.17213221, 0.31131074
0.84279919, 0.30640584, 0.44245735
0.09553432, 0.41219336
-0.23309529, -0.12234424, 0.34973794
0.84279919, 0.30640584, 0.44245735
0.08990291, 0.43321002
-0.27137083, -0.10388882, 0.40986189
0.84279919, 0.30640584, 0.44245735
0.09553432, 0.45422667
-0.2993902, -0.12171004, 0.47557124
0.84279919, 0.30640584, 0.44245735
0.11091956, 0.46961194
-0.30964634, -0.17103304, 0.52926069
0.84279919, 0.30640584, 0.44245735
0.13193622, 0.47524333
-0.2993902, -0.23864223, 0.55654287
0.84279919, 0.30640584, 0.44245735
0.15295288, 0.46961194
-0.27137083, -0.30642065, 0.55010843
0.84279919, 0.30640584, 0.44245735
0.16833812, 0.45422667
-0.23309529, -0.35620859, 0.5116812
0.84279919, 0.30640584, 0.44245735
0.17396951, 0.43321002
-0.19481981, -0.37466404, 0.45155728
0.84279919, 0.30640584, 0.44245735
0.16833812, 0.41219336
-0.16680038, -0.35684279, 0.3858479
0.84279919, 0.30640584, 0.44245735
0.15295291, 0.39680809
-0.23208559, -0.33498323, 0.29249817
-0.84279919, -0.30640584, -0.44245735
0.1318834, 0.39145505
-0.30863661, -0.26673985, 0.39104927
-0.84279919, -0.30640584, -0.44245735
0.1318834, 0.43348837
-0.2423417, -0.26737404, 0.26521596
-0.84279919, -0.30640584, -0.44245735
0.11086675, 0.3970865
-0.2703611, -0.19959562, 0.27165046
-0.84279919, -0.30640584, -0.44245735
0.09548151, 0.41247171
-0.30863661, -0.14980766, 0.31007764
-0.84279919, -0.30640584, -0.44245735
0.08985009, 0.43348837
-0.34691212, -0.13135226, 0.37020159
-0.84279919, -0.30640584, -0.44245735
0.09548151, 0.45450503
-0.37493151, -0.14917347, 0.43591094
-0.84279919, -0.30640584, -0.44245735
0.11086675, 0.4698903
-0.38518763, -0.19849648, 0.48960048
-0.84279919, -0.30640584, -0.44245735
0.1318834, 0.47552168
-0.37493151, -0.26610565, 0.5168826
-0.84279919, -0.30640584, -0.44245735
0.15290006, 0.4698903
-0.34691212, -0.33388409, 0.51044816
-0.84279919, -0.30640584, -0.44245735
0.1682853, 0.45450503
-0.30863661, -0.38367203, 0.47202092
-0.84279919, -0.30640584, -0.44245735
0.17391668, 0.43348837
-0.2703611, -0.40212744, 0.411897
-0.84279919, -0.30640584, -0.44245735
0.1682853, 0.41247171
-0.2423417, -0.38430622, 0.34618762
-0.84279919, -0.30640584, -0.44245735
0.15290008, 0.3970865
# Number of Faces:
696
# Face Data:
0, 1, 2
1, 0, 3
4, 5, 6
5, 4, 7
8, 9, 10
9, 8, 11
1, 12, 2
12, 1, 13
14, 15, 16
15, 14, 17
15, 18, 16
12, 13, 19
15, 20, 18
11, 21, 9
21, 11, 22
22, 23, 21
23, 22, 24
13, 25, 19
25, 13, 26
24, 27, 23
27, 24, 28
29, 30, 31
30, 29, 32
26, 33, 25
33, 26, 34
35, 36, 37
36, 35, 38
7, 39, 5
39, 7, 40
33, 34, 41
38, 42, 36
42, 38, 43
34, 44, 41
44, 34, 45
42, 43, 46
47, 48, 49
48, 47, 50
44, 45, 51
52, 29, 31
53, 54, 55
54, 53, 56
57, 51, 45
58, 59, 60
57, 30, 61
62, 63, 64
63, 62, 65
64, 66, 67
66, 64, 63
67, 66, 68
66, 69, 68
30, 32, 61
31, 70, 52
70, 31, 71
72, 73, 74
56, 75, 54
75, 56, 76
70, 71, 77
73, 78, 74
71, 77, 77
71, 79, 77
71, 80, 79
78, 81, 74
81, 78, 78
80, 82, 79
82, 80, 83
81, 84, 85
84, 81, 78
40, 55, 39
55, 40, 53
86, 76, 87
76, 86, 75
88, 89, 74
74, 89, 72
42, 90, 36
69, 72, 68
72, 69, 73
72, 91, 68
91, 72, 89
81, 92, 93
94, 50, 95
50, 94, 48
85, 92, 81
92, 85, 96
46, 43, 60
60, 97, 58
97, 60, 43
98, 1, 3
45, 99, 100
99, 45, 101
80, 102, 103
102, 80, 104
45, 34, 101
34, 26, 101
26, 13, 101
13, 1, 101
80, 71, 104
71, 31, 104
31, 30, 104
30, 102, 104
102, 30, 105
45, 106, 57
107, 98, 3
98, 107, 108
109, 5, 110
5, 109, 6
111, 9, 112
9, 111, 10
98, 113, 114
113, 98, 108
115, 116, 117
116, 115, 118
116, 118, 119
114, 113, 120
116, 119, 121
112, 21, 122
21, 112, 9
122, 23, 123
23, 122, 21
114, 124, 125
124, 114, 120
123, 27, 126
27, 123, 23
127, 105, 128
105, 127, 129
125, 130, 131
130, 125, 124
132, 133, 134
133, 132, 135
110, 39, 136
39, 110, 5
131, 130, 137
134, 138, 139
138, 134, 133
131, 140, 100
140, 131, 137
138, 141, 139
142, 48, 143
48, 142, 49
100, 140, 144
145, 129, 127
146, 54, 147
54, 146, 55
148, 100, 144
149, 150, 151
105, 148, 152
153, 154, 155
154, 153, 156
156, 157, 154
157, 156, 158
158, 159, 157
157, 159, 160
128, 105, 152
129, 161, 162
161, 129, 145
163, 164, 165
147, 75, 166
75, 147, 54
162, 161, 167
165, 164, 168
162, 169, 103
162, 167, 169
162, 167, 167
168, 170, 168
170, 168, 164
171, 172, 173
172, 171, 174
103, 175, 83
175, 103, 169
170, 176, 168
176, 170, 177
136, 55, 146
55, 136, 39
86, 166, 75
166, 86, 178
179, 164, 180
164, 163, 180
138, 133, 181
160, 163, 165
163, 160, 159
163, 182, 180
182, 163, 159
49, 173, 172
173, 49, 142
94, 143, 48
143, 94, 183
177, 184, 185
184, 177, 170
141, 151, 139
151, 186, 139
186, 151, 150
100, 99, 131
131, 99, 125
125, 99, 114
114, 99, 98
103, 102, 162
162, 102, 129
129, 102, 105
37, 187, 35
37, 188, 187
17, 188, 15
188, 17, 187
15, 189, 20
189, 15, 188
135, 132, 190
135, 117, 191
117, 135, 190
191, 117, 116
192, 116, 121
116, 192, 191
193, 184, 170
194, 172, 174
172, 194, 195
172, 47, 49
47, 172, 195
99, 1, 98
1, 99, 101
80, 103, 83
106, 30, 57
88, 81, 93
81, 88, 74
170, 179, 193
179, 170, 164
105, 106, 196
106, 105, 30
196, 45, 100
45, 196, 106
105, 196, 148
196, 100, 148
197, 198, 199
198, 197, 200
199, 201, 202
201, 199, 198
203, 202, 204
202, 203, 199
204, 201, 205
201, 204, 202
205, 198, 206
198, 205, 201
207, 208, 209
200, 206, 198
210, 197, 211
197, 210, 200
211, 199, 203
199, 211, 197
151, 212, 149
212, 151, 141
141, 213, 212
213, 141, 138
213, 214, 215
214, 213, 138
216, 217, 218
217, 216, 219
220, 221, 222
221, 220, 223
223, 224, 221
224, 222, 221
222, 224, 225
225, 220, 222
226, 227, 228
227, 226, 229
229, 230, 227
230, 229, 231
232, 231, 229
231, 232, 233
233, 230, 231
230, 233, 234
234, 227, 230
227, 234, 235
235, 228, 227
236, 237, 238
239, 229, 226
229, 239, 232
60, 240, 46
240, 60, 59
46, 241, 42
241, 46, 240
241, 90, 42
90, 241, 242
243, 244, 245
244, 243, 246
247, 248, 249
248, 247, 250
249, 248, 251
251, 250, 252
250, 251, 248
252, 250, 247
253, 254, 255
254, 253, 256
257, 258, 259
258, 257, 260
260, 261, 258
260, 262, 261
262, 260, 257
258, 261, 263
259, 264, 259
259, 265, 264
259, 258, 265
263, 266, 258
267, 268, 269
268, 267, 270
271, 255, 254
271, 253, 255
253, 271, 272
272, 273, 253
256, 274, 275
274, 256, 253
269, 276, 277
276, 269, 268
278, 279, 274
280, 281, 282
281, 280, 283
283, 284, 281
263, 261, 267
274, 253, 273
274, 269, 277
269, 274, 273
266, 265, 258
254, 285, 286
285, 254, 287
288, 286, 289
286, 288, 290
257, 291, 292
257, 259, 291
257, 259, 259
291, 293, 292
292, 262, 257
262, 292, 293
291, 294, 293
259, 295, 259
259, 264, 295
259, 259, 264
294, 291, 296
297, 268, 270
268, 297, 298
286, 290, 299
299, 288, 300
288, 299, 290
300, 288, 301
289, 302, 288
302, 289, 303
298, 276, 268
276, 298, 304
302, 305, 306
306, 307, 308
307, 306, 305
280, 309, 310
309, 280, 282
310, 309, 311
294, 297, 293
302, 301, 288
302, 298, 301
298, 302, 304
296, 291, 312
278, 307, 279
307, 278, 308
262, 313, 261
313, 267, 261
267, 313, 314
314, 263, 267
263, 314, 315
315, 266, 263
266, 315, 316
316, 265, 266
265, 316, 317
317, 271, 265
271, 317, 318
318, 272, 271
272, 318, 319
319, 273, 272
273, 319, 320
320, 269, 273
269, 320, 321
321, 267, 269
267, 321, 314
314, 270, 267
270, 322, 297
322, 298, 297
298, 322, 323
323, 301, 298
301, 323, 324
324, 300, 301
300, 324, 325
325, 299, 300
299, 325, 326
326, 312, 299
312, 326, 327
327, 296, 312
296, 327, 328
328, 294, 296
294, 328, 329
329, 297, 294
297, 329, 322
322, 293, 297
293, 322, 330
330, 262, 293
331, 305, 302
305, 331, 332
332, 307, 305
307, 332, 333
333, 279, 307
279, 333, 334
334, 274, 279
274, 334, 335
336, 337, 338
337, 336, 339
338, 340, 341
340, 338, 337
341, 339, 336
339, 341, 340
339, 342, 337
342, 339, 343
337, 344, 340
344, 337, 342
340, 343, 339
343, 340, 344
343, 345, 342
345, 343, 346
342, 347, 344
347, 342, 345
344, 346, 343
346, 344, 347
346, 348, 345
348, 346, 349
345, 350, 347
350, 345, 348
347, 349, 346
349, 347, 350
349, 351, 348
351, 349, 352
348, 353, 350
353, 348, 351
350, 352, 349
352, 350, 353
352, 338, 351
338, 352, 336
351, 341, 353
341, 351, 338
353, 336, 352
336, 353, 341
354, 355, 356
355, 354, 357
358, 356, 359
356, 358, 354
359, 355, 360
355, 359, 356
360, 357, 361
357, 360, 355
361, 354, 358
354, 361, 357
362, 363, 364
363, 362, 365
366, 367, 368
367, 366, 369
370, 364, 371
364, 370, 362
371, 363, 372
363, 371, 364
373, 374, 375
374, 373, 376
377, 362, 370
362, 377, 365
378, 367, 371
367, 378, 379
371, 369, 370
369, 371, 367
370, 380, 381
380, 370, 369
295, 291, 259
291, 295, 312
254, 265, 271
265, 254, 264
286, 312, 295
312, 286, 299
254, 295, 264
295, 254, 286
287, 254, 256
287, 256, 275
286, 285, 289
285, 303, 289
287, 303, 285
303, 287, 275
305, 303, 307
303, 305, 302
275, 279, 307
279, 275, 274
303, 275, 307
382, 383, 384
383, 382, 385
386, 387, 388
387, 386, 389
390, 384, 391
384, 390, 382
391, 383, 392
383, 391, 384
393, 394, 395
394, 393, 396
397, 382, 390
382, 397, 385
398, 387, 391
387, 398, 399
391, 389, 390
389, 391, 387
390, 400, 401
400, 390, 389
402, 403, 404
403, 402, 405
404, 406, 407
406, 404, 403
407, 408, 409
408, 407, 406
409, 410, 411
410, 409, 408
411, 412, 413
412, 411, 410
413, 414, 415
414, 413, 412
415, 416, 417
416, 415, 414
417, 418, 419
418, 417, 416
419, 420, 421
420, 419, 418
421, 422, 423
422, 421, 420
424, 425, 426
425, 424, 427
426, 405, 402
405, 426, 425
428, 429, 430
431, 429, 428
432, 429, 431
433, 429, 432
434, 429, 433
435, 429, 434
436, 429, 435
437, 429, 436
438, 429, 437
439, 429, 438
440, 429, 439
430, 429, 440
441, 442, 443
443, 442, 444
444, 442, 445
445, 442, 446
446, 442, 447
447, 442, 448
448, 442, 449
449, 442, 450
450, 442, 451
451, 442, 452
452, 442, 453
453, 442, 441
454, 455, 456
455, 454, 457
456, 458, 459
458, 456, 455
459, 460, 461
460, 459, 458
461, 462, 463
462, 461, 460
463, 464, 465
464, 463, 462
465, 466, 467
466, 465, 464
467, 468, 469
468, 467, 466
469, 470, 471
470, 469, 468
471, 472, 473
472, 471, 470
473, 474, 475
474, 473, 472
476, 477, 478
477, 476, 479
478, 457, 454
457, 478, 477
480, 481, 482
483, 481, 480
484, 481, 483
485, 481, 484
486, 481, 485
487, 481, 486
488, 481, 487
489, 481, 488
490, 481, 489
491, 481, 490
492, 481, 491
482, 481, 492
493, 494, 495
495, 494, 496
496, 494, 497
497, 494, 498
498, 494, 499
499, 494, 500
500, 494, 501
501, 494, 502
502, 494, 503
503, 494, 504
504, 494, 505
505, 494, 493
506, 507, 508
507, 506, 509
508, 510, 511
510, 508, 507
511, 512, 513
512, 511, 510
513, 514, 515
514, 513, 512
515, 516, 517
516, 515, 514
517, 518, 519
518, 517, 516
519, 520, 521
520, 519, 518
521, 522, 523
522, 521, 520
523, 524, 525
524, 523, 522
525, 526, 527
526, 525, 524
528, 529, 530
529, 528, 531
530, 509, 506
509, 530, 529
532, 533, 534
535, 533, 532
536, 533, 535
537, 533, 536
538, 533, 537
539, 533, 538
540, 533, 539
541, 533, 540
542, 533, 541
543, 533, 542
544, 533, 543
534, 533, 544
545, 546, 547
547, 546, 548
548, 546, 549
549, 546, 550
550, 546, 551
551, 546, 552
552, 546, 553
553, 546, 554
554, 546, 555
555, 546, 556
556, 546, 557
557, 546, 545
558, 559, 560
559, 558, 561
560, 562, 563
562, 560, 559
563, 564, 565
564, 563, 562
565, 566, 567
566, 565, 564
567, 568, 569
568, 567, 566
569, 570, 571
570, 569, 568
571, 572, 573
572, 571, 570
573, 574, 575
574, 573, 572
575, 576, 577
576, 575, 574
577, 578, 579
578, 577, 576
580, 581, 582
581, 580, 583
582, 561, 558
561, 582, 581
584, 585, 586
587, 585, 584
588, 585, 587
589, 585, 588
590, 585, 589
591, 585, 590
592, 585, 591
593, 585, 592
594, 585, 593
595, 585, 594
596, 585, 595
586, 585, 596
597, 598, 599
599, 598, 600
600, 598, 601
601, 598, 602
602, 598, 603
603, 598, 604
604, 598, 605
605, 598, 606
606, 598, 607
607, 598, 608
608, 598, 609
609, 598, 597
