# Project Zomboid Mesh
# File Version:
1.00000000
# Model Name:
Vehicles_SportsCar_Burnt
# Vertex Stride Element Count:
3
# Vertex Stride Size (in bytes):
76
# Vertex Stride Data:
# (Int)    Offset
# (String) Type
0
VertexArray
12
NormalArray
24
TextureCoordArray
# Vertex Count:
788
# Vertex Buffer:
-0.34715300, -0.09992100, 1.01733900
-0.57473490, 0.43493110, 0.69319170
0.75390630, 0.62500000
-0.01354000, -0.02124400, 0.90580700
-0.05195797, 0.93912080, 0.33963570
0.70331110, 0.50582520
-0.35508600, -0.04720800, 0.88631700
-0.55857850, 0.77302490, 0.30070350
0.70330340, 0.62629830
-0.01042600, -0.08087500, 1.03667500
-0.03103588, 0.54715900, 0.83645310
0.75390630, 0.50585940
-0.34015900, -0.22743700, 1.02243600
-0.65105110, 0.00110160, 0.75903310
0.74736960, 0.69752070
-0.01042600, -0.08087500, 1.03667500
-0.03103588, 0.54715900, 0.83645310
0.86718750, 0.64843750
-0.34715300, -0.09992100, 1.01733900
-0.57473490, 0.43493110, 0.69319170
0.74804690, 0.64843750
-0.00294400, -0.21727100, 1.04157500
-0.00315683, 0.03573012, 0.99935650
0.86735990, 0.70049010
-0.01656300, 0.03860900, 0.69024300
-0.05398025, 0.97902160, 0.19647610
0.63157860, 0.50582520
-0.36082100, 0.00974000, 0.67068800
-0.40181130, 0.89719320, 0.18328140
0.62472650, 0.62730680
-0.01778200, 0.06562200, 0.47348800
-0.05474661, 0.99561970, 0.07579082
0.55283430, 0.50582520
-0.36197800, 0.03564600, 0.45390900
-0.53811680, 0.84201270, 0.03801186
0.54598190, 0.62730680
-0.01781500, 0.06960000, 0.32178700
-0.05178653, 0.99784090, 0.04039398
0.49784310, 0.50582520
-0.34848500, 0.05536800, 0.26328800
-0.52478180, 0.84912290, 0.05995237
0.47951900, 0.62226860
-0.02681600, 0.24020300, 0.00618200
-0.12821350, 0.98920630, 0.07093831
0.38213220, 0.50583220
-0.26601400, 0.20096100, -0.03775500
-0.17841890, 0.98057130, 0.08152618
0.35491640, 0.59062340
-0.25345600, 0.19886300, 0.00248800
-0.18010190, 0.97779220, 0.10717120
0.36951270, 0.58623580
-0.40253100, -0.15157500, 0.41075200
-0.99711760, -0.07524069, 0.00976706
0.53331350, 0.33412830
-0.40460400, -0.16428100, 0.23548200
-0.99606590, -0.08751351, 0.01393590
0.46898450, 0.34019990
-0.39075400, -0.25384400, 0.40722500
-0.99160870, -0.12831910, 0.01569350
0.53285100, 0.37206830
-0.40666500, -0.07264700, 0.24771700
-0.98295580, 0.18377890, 0.00483404
0.47265630, 0.30664060
-0.39915800, -0.20849100, 0.20659500
-0.98430340, -0.17648220, 0.00098589
0.45872570, 0.35683180
-0.39066200, -0.25105700, 0.20564700
-0.98066400, -0.19566600, -0.00361789
0.45872460, 0.37269160
-0.36197800, 0.03564600, 0.45390900
-0.53811680, 0.84201270, 0.03801186
0.54765100, 0.26562950
-0.40109700, -0.02235600, 0.64546600
-0.73198360, 0.66792800, 0.13443310
0.61914060, 0.28320310
-0.36082100, 0.00974000, 0.67068800
-0.40181130, 0.89719320, 0.18328140
0.62755470, 0.27342340
-0.40086500, -0.02385900, 0.52280900
-0.87883050, 0.47662180, -0.02210569
0.57226560, 0.28515630
-0.40591100, -0.09765800, 0.75504900
-0.94710420, 0.23294770, 0.22074630
0.65625000, 0.30664060
-0.34015900, -0.22743700, 1.02243600
-0.65105110, 0.00110160, 0.75903310
0.75879900, 0.35833450
-0.34715300, -0.09992100, 1.01733900
-0.57473490, 0.43493110, 0.69319170
0.75585940, 0.30664060
-0.39736500, -0.25395000, 0.78343400
-0.97220520, -0.01067602, 0.23388680
0.67115360, 0.36889770
-0.35508600, -0.04720800, 0.88631700
-0.55857850, 0.77302490, 0.30070350
0.70728860, 0.29275470
-0.34015900, -0.22743700, 1.02243600
0.00490073, -0.99147660, 0.13019250
0.78736950, 0.60599010
-0.39736500, -0.25395000, 0.78343400
-0.02440350, -0.99295040, 0.11599100
0.77062540, 0.53658030
-0.22273700, -0.25825300, 0.78333900
0.02789721, -0.99558750, 0.08959544
0.81682620, 0.53658030
-0.39736500, -0.25395000, 0.78343400
0.00221930, -0.17173240, -0.98514120
0.77062540, 0.53658030
-0.23201900, -0.08996100, 0.75522000
0.02156978, -0.53761940, -0.84291170
0.81680390, 0.52730660
-0.22273700, -0.25825300, 0.78333900
-0.00460631, -0.16504540, -0.98627520
0.81682620, 0.53658030
-0.40591100, -0.09765800, 0.75504900
0.02461936, -0.53752980, -0.84288530
0.77062540, 0.52730660
-0.40109700, -0.02235600, 0.64546600
0.04428084, -0.95412650, -0.29611110
0.77312860, 0.49491700
-0.23618000, -0.01463000, 0.64563800
0.04509793, -0.95618810, -0.28925840
0.81675890, 0.49491700
-0.23315600, -0.01602900, 0.52298200
0.04267082, -0.92139170, 0.38628550
0.81755350, 0.45921730
-0.40086500, -0.02385900, 0.52280900
0.00999602, -0.93431160, 0.35631720
0.77312860, 0.45921730
-0.22881500, -0.10981400, 0.42713900
-0.01283443, -0.45020460, 0.89283320
0.81729100, 0.43192000
-0.40632700, -0.08315000, 0.44319100
-0.02950879, -0.65236020, 0.75733440
0.77062540, 0.43642100
-0.40253100, -0.15157500, 0.41075200
-0.03909082, -0.21987310, 0.97474500
0.77062540, 0.42741920
-0.39075400, -0.25384400, 0.40722500
-0.04796499, -0.08369086, 0.99533670
0.77237470, 0.42705300
-0.22155400, -0.25862800, 0.40711900
-0.00315200, -0.13348270, 0.99104610
0.81702610, 0.42705300
-0.39075400, -0.25384400, 0.40722500
-0.01748554, -0.99958430, -0.02292536
0.77237470, 0.42705300
0.00020300, -0.25605700, 0.20553600
0.05482026, -0.99846280, -0.00817351
0.88331220, 0.36834940
-0.22155400, -0.25862800, 0.40711900
0.01242836, -0.99968000, -0.02203357
0.81702610, 0.42705300
-0.39066200, -0.25105700, 0.20564700
-0.01279463, -0.99976570, -0.01746086
0.77237470, 0.36834940
-0.36226100, 0.04669400, 0.18796800
-0.82015860, 0.56937550, 0.05613793
0.45259140, 0.26750740
-0.34848500, 0.05536800, 0.26328800
-0.52478180, 0.84912290, 0.05995237
0.48020960, 0.26397530
-0.40632700, -0.08315000, 0.44319100
-0.99925220, 0.03847880, 0.00379737
0.54296880, 0.30664060
-0.22273700, -0.25825300, 0.78333900
-0.99837140, -0.05644727, -0.00826589
0.81682620, 0.53658030
-0.23201900, -0.08996100, 0.75522000
-0.99824200, -0.05900583, -0.00558840
0.81680390, 0.52730660
-0.22089500, -0.26249600, 0.58981200
-0.99852240, -0.05406917, -0.00543816
0.81704340, 0.48037520
-0.23618000, -0.01463000, 0.64563800
-0.99819450, -0.05829175, -0.01448551
0.81675890, 0.49491700
-0.23315600, -0.01602900, 0.52298200
-0.99852370, -0.05295398, -0.01209525
0.81755350, 0.45921730
-0.22881500, -0.10981400, 0.42713900
-0.99879500, -0.04900687, 0.00263320
0.81729100, 0.43192000
-0.22155400, -0.25862800, 0.40711900
-0.99879160, -0.04907793, 0.00256634
0.81702610, 0.42705300
-0.01684000, 0.27404500, -0.46056000
-0.08704356, 0.99566450, 0.03279743
0.20881270, 0.50583220
-0.26667700, 0.22292200, -0.39768900
-0.19779980, 0.98018060, 0.01100941
0.22998050, 0.59058680
-0.39069500, -0.23871800, -0.37912600
-0.00078346, -0.99957560, -0.02912057
0.77235530, 0.19136150
-0.21805500, -0.23765600, -0.37733800
0.03504970, -0.99891330, -0.03071964
0.81714370, 0.19187500
-0.39919800, -0.19732100, -0.31983200
-0.98433900, -0.17528180, -0.01879018
0.26510970, 0.35702010
-0.39069500, -0.23871800, -0.37912600
-0.98648060, -0.15915140, -0.03907564
0.24365010, 0.37292650
-0.26312100, 0.22108300, -0.44002500
-0.21466840, 0.97481860, -0.06038396
0.21408080, 0.58114400
-0.40464400, -0.15184400, -0.34802900
-0.99176270, -0.11218120, -0.06182346
0.25437300, 0.34038820
-0.40207800, -0.14327500, -0.39138900
-0.99180920, -0.10067950, -0.07860100
0.23836300, 0.33763810
-0.40675900, -0.05723000, -0.42577900
-0.97089480, 0.23359130, 0.05290027
0.22460940, 0.30664060
-0.40670500, -0.05924800, -0.37912400
-0.98974600, 0.14247360, 0.01019887
0.24218750, 0.30664060
-0.36288000, 0.06661300, -0.44078600
-0.76608190, 0.63905500, 0.06875505
0.21849140, 0.26151870
-0.36222100, 0.06112700, -0.37200200
-0.90428930, 0.42479510, 0.04254368
0.24382270, 0.26299060
-0.33527500, 0.08161200, -1.01221300
-0.09005552, 0.02173305, -0.99569960
0.98462360, 0.72073630
-0.01108600, -0.02266700, -1.04381100
0.00001117, 0.02198784, -0.99975820
0.86551220, 0.76825380
-0.35497800, -0.04101300, -1.01304900
-0.69680170, 0.02205149, -0.71692480
0.99451230, 0.76778010
-0.01848500, 0.11202300, -1.03998900
-0.00033787, 0.02834380, -0.99959820
0.86551220, 0.71593940
-0.39902000, -0.14633500, -0.74607400
-0.98302310, -0.06032842, -0.17328010
0.10799890, 0.34172700
-0.35497800, -0.04101300, -1.01304900
-0.69680170, 0.02205149, -0.71692480
0.00976563, 0.30664060
-0.34735000, -0.15904100, -1.00419400
-0.71850180, -0.10522800, -0.68751890
0.01321304, 0.34956320
-0.40537700, -0.05276100, -0.69593800
-0.96234710, 0.23198350, -0.14167440
0.12500000, 0.30664060
-0.00459300, -0.14091500, -1.04571500
0.00139139, -0.00315061, -0.99999400
0.86551220, 0.81416980
-0.34735000, -0.15904100, -1.00419400
-0.71850180, -0.10522800, -0.68751890
0.99407860, 0.81354280
-0.38655800, -0.21701900, -0.75433200
-0.97094090, -0.14933630, -0.18700940
0.10554000, 0.36808450
-0.40912400, -0.00693900, -0.52849600
-0.89639990, 0.43816910, 0.06689608
0.18684750, 0.28839440
-0.36317800, 0.07900700, -0.64582600
-0.58797380, 0.80886080, -0.00556214
0.14301350, 0.25862330
-0.40786400, -0.01646100, -0.63125900
-0.90349640, 0.39903520, -0.15641360
0.14914770, 0.29276780
-0.33491300, 0.09412100, -0.85902800
-0.43048770, 0.90219130, -0.02704282
0.06985412, 0.61723460
-0.01848500, 0.11202300, -1.03998900
-0.05462049, 0.99643240, -0.06433620
0.00612779, 0.50582520
-0.33527500, 0.08161200, -1.01221300
-0.65241990, 0.74742780, -0.12529940
0.01445783, 0.61766840
-0.01915400, 0.12082800, -0.88688600
-0.05527915, 0.99846710, 0.00278319
0.05954694, 0.50582520
-0.33527500, 0.08161200, -1.01221300
-0.65241990, 0.74742780, -0.12529940
0.00830134, 0.26122370
-0.23149500, -0.10442000, -0.40352400
-0.04946648, -0.45573180, -0.88874160
0.81539470, 0.18672170
-0.21805500, -0.23765600, -0.37733800
0.01134237, -0.19173230, -0.98138170
0.81714370, 0.19187500
-0.39069500, -0.23871800, -0.37912600
-0.01876322, -0.15713770, -0.98739840
0.77235530, 0.19136150
-0.40207800, -0.14327500, -0.39138900
-0.01398977, -0.24158760, -0.97027810
0.77060610, 0.18717430
-0.40675900, -0.05723000, -0.42577900
-0.00912528, -0.68130490, -0.73194290
0.77060610, 0.18326870
-0.23694500, 0.00253200, -0.52652200
-0.00300561, -0.97770170, -0.20997730
0.81547160, 0.15355290
-0.40912400, -0.00693900, -0.52849600
0.03032169, -0.98720310, -0.15655890
0.77068300, 0.15303940
-0.23439900, -0.02577700, -0.66788100
-0.00354595, -0.84411700, 0.53614720
0.81570440, 0.11258180
-0.40786400, -0.01646100, -0.63125900
0.00472128, -0.96355410, 0.26747190
0.77085670, 0.12318340
-0.40537700, -0.05276100, -0.69593800
0.02074891, -0.69491480, 0.71879270
0.77097480, 0.10458790
-0.22684100, -0.13686400, -0.74410000
-0.01482492, -0.33264700, 0.94293490
0.81609270, 0.09110975
-0.39902000, -0.14633500, -0.74607400
0.00577982, -0.30659830, 0.95182140
0.77130400, 0.09059608
-0.22211200, -0.20797300, -0.75236700
-0.00512369, -0.11610260, 0.99322400
0.81632430, 0.08916229
-0.38655800, -0.21701900, -0.75433200
-0.00543195, -0.11697670, 0.99311980
0.77373860, 0.08864886
-0.22211200, -0.20797300, -0.75236700
0.04850089, -0.98144670, -0.18549920
0.81632430, 0.08916229
-0.34735000, -0.15904100, -1.00419400
0.03663349, -0.97741380, -0.20813540
0.78569200, 0.01553154
-0.00459300, -0.14091500, -1.04571500
0.05399523, -0.97928320, -0.19516410
0.88331220, 0.00332570
-0.22684100, -0.13686400, -0.74410000
-0.99777790, -0.06661550, -0.00124803
0.81609270, 0.09110975
-0.22211200, -0.20797300, -0.75236700
-0.99780330, -0.06623852, -0.00103311
0.81632430, 0.08916229
-0.22045500, -0.23578700, -0.56983200
-0.99724800, -0.07411119, -0.00198235
0.81642450, 0.14248390
-0.23439900, -0.02577700, -0.66788100
-0.99770350, -0.06766500, -0.00303810
0.81570440, 0.11258180
-0.23694500, 0.00253200, -0.52652200
-0.99768440, -0.06746224, -0.00864443
0.81547160, 0.15355290
-0.23149500, -0.10442000, -0.40352400
-0.99675180, -0.08049297, -0.00258466
0.81539470, 0.18672170
-0.21805500, -0.23765600, -0.37733800
-0.99510780, -0.09812883, 0.01145514
0.81714370, 0.19187500
-0.33491300, 0.09412100, -0.85902800
-0.43048770, 0.90219130, -0.02704282
0.06451323, 0.25537060
0.22064000, -0.23391400, 0.78387900
0.08099082, -0.99268440, 0.08954401
0.95146410, 0.53658030
0.33312300, -0.19047700, 1.02325600
0.10334900, -0.98606500, 0.13036400
0.97917520, 0.60599010
-0.00294400, -0.21727100, 1.04157500
0.05423070, -0.99056930, 0.12582320
0.88331220, 0.61149660
0.32612900, -0.06296200, 1.01815900
0.52161700, 0.49511790, 0.69481940
0.75390630, 0.38671880
0.32872600, -0.00967100, 0.88715000
0.46992040, 0.82929430, 0.30240020
0.70330340, 0.38539310
0.33312300, -0.19047700, 1.02325600
0.64477850, 0.07227648, 0.76094460
0.98725060, 0.69752070
0.32612900, -0.06296200, 1.01815900
0.52161700, 0.49511790, 0.69481940
0.98632810, 0.64843750
0.32883300, 0.04759900, 0.67152900
0.30082560, 0.93571330, 0.18424060
0.62472650, 0.38434350
0.32767500, 0.07350400, 0.45474900
0.43858180, 0.89830770, 0.02625344
0.54598190, 0.38434350
0.31302400, 0.08140300, 0.27168300
0.37582790, 0.92619150, 0.03037566
0.47959620, 0.38941560
0.20105000, 0.26006800, -0.02847300
-0.07679063, 0.99490180, 0.06537256
0.36941770, 0.42542870
0.21339400, 0.26364600, -0.06842100
-0.05393806, 0.99697320, 0.05599305
0.35491640, 0.42104110
0.38858200, -0.10814700, 0.41171600
0.99933530, 0.03435396, 0.01219988
0.53331350, 0.14300780
0.39245900, -0.12052700, 0.23645400
0.99962310, 0.02203893, 0.01636767
0.46898450, 0.14907940
0.38444800, -0.02921900, 0.24868100
0.95396060, 0.29993120, 0.00069883
0.47265630, 0.11523440
0.38807900, -0.21109000, 0.40817400
0.99965510, -0.01900949, 0.01811999
0.53285100, 0.18094790
0.22042000, -0.23436600, 0.40765700
0.09703173, -0.99503970, -0.02192901
0.95126410, 0.42705300
0.39195500, -0.16506300, 0.20755900
0.99770120, -0.06768128, 0.00340082
0.45872570, 0.16571130
0.38817100, -0.20830400, 0.20659600
0.99619470, -0.08714728, -0.00120919
0.45872460, 0.18157110
0.37244200, 0.02010700, 0.64640900
0.65410880, 0.74402400, 0.13627170
0.61914060, 0.09179688
0.32767500, 0.07350400, 0.45474900
0.43858180, 0.89830770, 0.02625344
0.54765100, 0.07450908
0.32883300, 0.04759900, 0.67152900
0.30082560, 0.93571330, 0.18424060
0.62755470, 0.08230293
0.37267400, 0.01860400, 0.52375100
0.82143010, 0.56995730, -0.02003387
0.57226560, 0.09375000
0.33312300, -0.19047700, 1.02325600
0.64477850, 0.07227648, 0.76094460
0.75879900, 0.16721410
0.38520300, -0.05423000, 0.75601300
0.91508900, 0.33549640, 0.22372810
0.65625000, 0.11523440
0.32612900, -0.06296200, 1.01815900
0.52161700, 0.49511790, 0.69481940
0.75585940, 0.11523440
0.39374800, -0.21052200, 0.78439800
0.96668530, 0.09595048, 0.23730380
0.67115360, 0.17777730
0.32872600, -0.00967100, 0.88715000
0.46992040, 0.82929430, 0.30240020
0.70728860, 0.10163430
0.39374800, -0.21052200, 0.78439800
0.13266090, -0.98431780, 0.11627340
0.99599910, 0.53658030
0.39374800, -0.21052200, 0.78439800
0.01898580, -0.17081230, -0.98512070
0.99599910, 0.53658030
0.21151400, -0.06561400, 0.75576000
0.03945576, -0.53663790, -0.84288970
0.95148620, 0.52730660
0.38520300, -0.05423000, 0.75601300
0.03641487, -0.53688240, -0.84287080
0.99599910, 0.52730660
0.22064000, -0.23391400, 0.78387900
0.02504088, -0.16341850, -0.98623900
0.95146410, 0.53658030
0.37244200, 0.02010700, 0.64640900
0.06114308, -0.95320090, -0.29609050
0.99349600, 0.49491700
0.20767000, 0.00973500, 0.64617900
0.06053987, -0.95534050, -0.28923950
0.95153120, 0.49491700
0.20511500, 0.00803000, 0.52351700
0.05750234, -0.92057760, 0.38630340
0.95073660, 0.45921730
0.37267400, 0.01860400, 0.52375100
0.09146759, -0.92983920, 0.35641660
0.99349600, 0.45921730
0.21129900, -0.08565400, 0.42767500
0.05986718, -0.44621360, 0.89292180
0.95099930, 0.43192000
0.38478600, -0.03972200, 0.44415500
0.09889833, -0.64531140, 0.75749080
0.99599910, 0.43642100
0.38858200, -0.10814700, 0.41171600
0.06055487, -0.21440290, 0.97486640
0.99599910, 0.42741920
0.38807900, -0.21109000, 0.40817400
0.05441909, -0.07807029, 0.99546150
0.99424980, 0.42705300
0.22042000, -0.23436600, 0.40765700
0.01533585, -0.13246790, 0.99106870
0.95126410, 0.42705300
0.38807900, -0.21109000, 0.40817400
0.12684990, -0.99166100, -0.02274945
0.99424980, 0.42705300
0.38817100, -0.20830400, 0.20659600
0.12219380, -0.99235550, -0.01729639
0.99424980, 0.36834940
0.32795400, 0.07416000, 0.19618200
0.78906260, 0.61109270, 0.06281639
0.45259140, 0.07638687
0.31302400, 0.08140300, 0.27168300
0.37582790, 0.92619150, 0.03037566
0.48028790, 0.07279956
0.38478600, -0.03972200, 0.44415500
0.98902400, 0.14762410, 0.00622008
0.54296880, 0.11523440
0.22162800, -0.23820400, 0.59035100
0.05481150, -0.99849650, 0.00056445
0.95141010, 0.48021570
-0.22089500, -0.26249600, 0.58981200
0.05481151, -0.99849660, 0.00056027
0.81704340, 0.48037520
0.22064000, -0.23391400, 0.78387900
0.99849020, 0.05479309, 0.00388406
0.95146410, 0.53658030
0.22162800, -0.23820400, 0.59035100
0.99821050, 0.05970901, -0.00325725
0.95141010, 0.48021570
0.21151400, -0.06561400, 0.75576000
0.99846820, 0.05522232, 0.00343485
0.95148620, 0.52730660
0.20767000, 0.00973500, 0.64617900
0.99824080, 0.05844498, -0.00997138
0.95153120, 0.49491700
0.20511500, 0.00803000, 0.52351700
0.99790100, 0.06356823, -0.01235357
0.95073660, 0.45921730
0.21129900, -0.08565400, 0.42767500
0.99789080, 0.06486596, -0.00253333
0.95099930, 0.43192000
0.22042000, -0.23436600, 0.40765700
0.99806670, 0.06192511, -0.00530230
0.95126410, 0.42705300
0.19590900, 0.26317100, -0.40237200
0.05786514, 0.99800990, -0.02505611
0.22998050, 0.42107770
0.21655100, -0.21379900, -0.37680800
0.07457606, -0.99674360, -0.03067148
0.94688360, 0.19187500
0.38827400, -0.19595700, -0.37817600
0.11026240, -0.99347980, -0.02898525
0.99426930, 0.19136150
0.39205100, -0.15388500, -0.31886800
0.99765340, -0.06647948, -0.01637468
0.26510980, 0.16589980
0.38827400, -0.19595700, -0.37817600
0.99806580, -0.05020913, -0.03665673
0.24365010, 0.18180600
0.19267800, 0.26095900, -0.44471600
0.06653751, 0.99614800, -0.05711262
0.21313870, 0.43481030
0.39255500, -0.10808200, -0.34705800
0.99823000, -0.00294053, -0.05939775
0.25437310, 0.14926770
0.38917100, -0.09984000, -0.39042500
0.99705820, 0.00849967, -0.07617626
0.23836310, 0.14651770
0.38449000, -0.01379500, -0.42481500
0.93936080, 0.33845420, 0.05522739
0.22460940, 0.11523440
0.38454400, -0.01581300, -0.37815900
0.96817640, 0.24995240, 0.01258358
0.24218660, 0.11537090
0.32735600, 0.10450300, -0.43994500
0.67948150, 0.72963600, 0.07704686
0.21849140, 0.07039827
0.32713400, 0.09896900, -0.37116200
0.83915020, 0.54263520, 0.03706697
0.24382270, 0.07187015
0.29966200, 0.11646700, -1.01144000
0.08955438, 0.03159307, -0.99548070
0.74640090, 0.72073630
0.33267200, -0.00326400, -1.01221100
0.69194060, 0.09828617, -0.71523280
0.73651220, 0.76778010
0.33267200, -0.00326400, -1.01221100
0.69194060, 0.09828617, -0.71523280
0.00976563, 0.11523440
0.38732900, -0.10316900, -0.74511600
0.98414150, 0.04759937, -0.17087950
0.10799890, 0.15060650
0.33798800, -0.12142000, -1.00335900
0.72737180, -0.02587213, -0.68575570
0.01321304, 0.15844280
0.38328300, -0.00946800, -0.69497700
0.93151320, 0.33594650, -0.13936690
0.12500000, 0.11523440
0.33798800, -0.12142000, -1.00335900
0.72737180, -0.02587213, -0.68575570
0.73694580, 0.81354280
0.38268800, -0.17479200, -0.75339500
0.98190020, -0.04228647, -0.18461840
0.10554000, 0.17696400
0.38158500, 0.03646700, -0.52753300
0.84288670, 0.53364680, 0.06901551
0.18684750, 0.09727401
0.32679300, 0.11688300, -0.64498600
0.50006540, 0.86596010, -0.00690136
0.14301350, 0.06750286
0.38162500, 0.02687800, -0.63029700
0.85476650, 0.49555480, -0.15427140
0.14914770, 0.10164730
0.29756200, 0.12884100, -0.85825700
0.32921310, 0.94389440, -0.02611724
0.06985412, 0.39441530
0.29966200, 0.11646700, -1.01144000
0.56698940, 0.81436680, -0.12381370
0.01445783, 0.39398170
0.29966200, 0.11646700, -1.01144000
0.56698940, 0.81436680, -0.12381370
0.00830134, 0.07010323
0.21539000, -0.07988800, -0.40297900
0.10121280, -0.44746050, -0.88855790
0.94863270, 0.18672170
0.38827400, -0.19595700, -0.37817600
0.03824985, -0.15400850, -0.98732890
0.99426930, 0.19136150
0.21655100, -0.21379900, -0.37680800
0.01209729, -0.19169150, -0.98138070
0.94688360, 0.19187500
0.38917100, -0.09984000, -0.39042500
0.04270741, -0.23847550, -0.97020900
0.99601860, 0.18717430
0.38449000, -0.01379500, -0.42481500
0.08542431, -0.67611450, -0.73182780
0.99601860, 0.18326870
0.20940000, 0.02703400, -0.52597800
0.11051650, -0.97146990, -0.20983890
0.94855570, 0.15355290
0.38158500, 0.03646700, -0.52753300
0.07829981, -0.98456930, -0.15650070
0.99594160, 0.15303940
0.21031200, -0.00136500, -0.66733900
0.09461852, -0.83872840, 0.53626670
0.94832290, 0.11258180
0.38162500, 0.02687800, -0.63029700
0.10012730, -0.95831670, 0.26758850
0.99576790, 0.12318340
0.38328300, -0.00946800, -0.69497700
0.05369434, -0.69310590, 0.71883310
0.99564980, 0.10458790
0.21514400, -0.11260100, -0.74356100
0.04885605, -0.32915120, 0.94301250
0.94793460, 0.09110975
0.38732900, -0.10316900, -0.74511600
0.02550323, -0.30552590, 0.95184220
0.99532060, 0.09059608
0.21824700, -0.18379900, -0.75183000
0.01538845, -0.11497720, 0.99324890
0.94770290, 0.08916229
0.38268800, -0.17479200, -0.75339500
0.01579173, -0.11581430, 0.99314530
0.99288280, 0.08864886
0.21824700, -0.18379900, -0.75183000
0.05966989, -0.98083360, -0.18548550
0.94770290, 0.08916229
0.33798800, -0.12142000, -1.00335900
0.07107995, -0.97552280, -0.20809330
0.98093240, 0.01553154
0.38268800, -0.17479200, -0.75339500
0.05132653, -0.97475310, -0.21730610
0.99288280, 0.08864886
0.21514400, -0.11260100, -0.74356100
0.99907430, 0.04300114, 0.00118489
0.94793460, 0.09110975
0.21920000, -0.21165300, -0.56929600
0.99936990, 0.03549251, 0.00045040
0.94760260, 0.14248390
0.21824700, -0.18379900, -0.75183000
0.99905770, 0.04337865, 0.00139985
0.94770290, 0.08916229
0.21031200, -0.00136500, -0.66733900
0.99911950, 0.04195001, -0.00060517
0.94832290, 0.11258180
0.20940000, 0.02703400, -0.52597800
0.99909200, 0.04215023, -0.00621149
0.94855570, 0.15355290
0.21539000, -0.07988800, -0.40297900
0.99957660, 0.02909480, -0.00015218
0.94863270, 0.18672170
0.21655100, -0.21379900, -0.37680800
0.99983880, 0.01138298, 0.01388603
0.94688360, 0.19187500
0.21920000, -0.21165300, -0.56929600
0.05472989, -0.99519580, -0.08117826
0.94760260, 0.14248390
-0.22045500, -0.23578700, -0.56983200
0.05472988, -0.99519580, -0.08117832
0.81642450, 0.14248390
0.29756200, 0.12884100, -0.85825700
0.32921310, 0.94389440, -0.02611724
0.06451323, 0.06425011
0.20105000, 0.26006800, -0.02847300
0.63512980, 0.73188800, 0.24688070
0.36848720, 0.00717330
0.21339400, 0.26364600, -0.06842100
0.62322880, 0.73801900, 0.25867700
0.35377240, 0.00643194
0.19267800, 0.26095900, -0.44471600
0.78167410, 0.62058150, -0.06216281
0.21249290, 0.01660830
0.19590900, 0.26317100, -0.40237200
0.78632710, 0.61093530, -0.09191215
0.22699700, 0.00614858
-0.26667700, 0.22292200, -0.39768900
-0.84204040, 0.53569160, -0.06326484
0.22699700, 0.19726910
-0.26312100, 0.22108300, -0.44002500
-0.83613660, 0.54045530, -0.09372146
0.21144870, 0.19836480
-0.25345600, 0.19886300, 0.00248800
-0.64507200, 0.73129770, 0.22155340
0.36858370, 0.19825010
-0.26601400, 0.20096100, -0.03775500
-0.63152420, 0.73870250, 0.23557560
0.35377240, 0.19755210
-0.38655800, -0.21701900, -0.75433200
0.05620582, -0.97448530, -0.21730010
0.77373860, 0.08864886
0.07765500, 0.12720000, 0.08865200
-0.54376360, 0.77645000, 0.31850660
0.63716240, 0.93323250
0.17412200, 0.11333300, 0.09370500
-0.07364424, -0.52908090, 0.84536970
0.68025400, 0.93495990
0.18228400, 0.13294400, 0.08877900
0.45473240, 0.83126150, 0.31972290
0.68441090, 0.93323250
0.08790300, 0.10860000, 0.09360000
0.12905990, -0.51795490, 0.84561590
0.64131950, 0.93495990
0.17367800, 0.12190000, 0.07206200
-0.11098600, 0.19157440, -0.97518270
0.68025400, 0.92792590
0.08745900, 0.11716700, 0.07195700
0.09171818, 0.20269970, -0.97493620
0.64131950, 0.92792590
0.22107500, 0.04628800, 0.06620300
-0.18403340, -0.37145440, 0.91002930
0.69972130, 0.92657890
0.23926300, 0.05158200, 0.05540400
0.99849600, 0.05481171, 0.00121659
0.70803520, 0.92306190
0.22063100, 0.05485500, 0.04456000
-0.22137460, 0.34919960, -0.91052350
0.69972130, 0.91954490
0.18180900, -0.02549000, 0.03859600
-0.09171831, -0.20269950, 0.97493620
0.68025400, 0.91819790
0.19161400, -0.03552300, 0.02190100
0.54376390, -0.77644980, -0.31850680
0.68441090, 0.91289130
0.18136500, -0.01692300, 0.01695200
-0.12906100, 0.51795450, -0.84561600
0.68025400, 0.91116400
0.09559100, -0.03022300, 0.03849100
0.11098510, -0.19157350, 0.97518300
0.64131940, 0.91819790
0.08698400, -0.04126700, 0.02177400
-0.45473170, -0.83126200, -0.31972260
0.63716240, 0.91289130
0.09514700, -0.02165600, 0.01684700
0.07364380, 0.52908090, -0.84536980
0.64131940, 0.91116400
0.04863800, 0.03682200, 0.06599300
0.22137550, -0.34919930, 0.91052340
0.62185220, 0.92657890
0.03000500, 0.04009500, 0.05514900
-0.99849590, -0.05481206, -0.00121693
0.61353810, 0.92306190
0.04819400, 0.04538900, 0.04435000
0.18403350, 0.37145460, -0.91002920
0.62185220, 0.91954490
0.12642600, -0.03562500, 0.26225900
0.01880933, -0.36332740, 0.93147160
0.65519130, 0.99032750
0.15101200, -0.03427500, 0.26228900
0.01880933, -0.36332740, 0.93147160
0.66629400, 0.99032750
0.13808500, -0.02350000, 0.26675300
0.01880941, -0.36332870, 0.93147120
0.66074260, 0.99168860
0.13935300, -0.04640000, 0.25779500
0.01880926, -0.36332600, 0.93147220
0.66074260, 0.98896630
0.12219100, 0.04617600, 0.05254300
-0.82612810, 0.16501450, -0.53877880
0.65519130, 0.92217880
0.14677700, 0.04752600, 0.05257300
0.80440880, 0.25452120, -0.53679190
0.66629400, 0.92217880
0.13511800, 0.03540100, 0.04807900
0.03118760, -0.54961560, -0.83483540
0.66074260, 0.92081770
0.13385000, 0.05830100, 0.05703700
-0.05290787, 0.96914770, -0.24073510
0.66074260, 0.92354000
0.12642600, -0.03562500, 0.26225900
-0.99849600, -0.05481163, -0.00121702
0.65519130, 0.99032750
0.13808500, -0.02350000, 0.26675300
-0.05149858, 0.93004840, 0.36381020
0.66074260, 0.99168860
0.15101200, -0.03427500, 0.26228900
0.99849590, 0.05481264, 0.00121748
0.66629400, 0.99032750
0.13935300, -0.04640000, 0.25779500
0.05149711, -0.93004850, -0.36381000
0.66074260, 0.98896630
-0.02681600, 0.24020300, 0.00618200
0.14570730, -0.98839320, 0.04299052
0.40210870, 0.80447450
-0.25345600, 0.19886300, 0.00248800
0.14726460, -0.85219560, 0.50207150
0.39010740, 0.91070430
-0.24355300, 0.17962500, -0.03306900
0.20830010, -0.95084760, 0.22912860
0.37800360, 0.90646560
-0.31861500, -0.11666700, 0.37360300
0.51599740, 0.60078610, -0.61057570
0.53142890, 0.95019980
-0.36994200, -0.15288800, 0.21324800
0.92720350, 0.19011240, -0.32272440
0.47645710, 0.97596440
-0.37182100, -0.06933700, 0.22440400
0.94620800, 0.06364080, -0.31723850
0.47966190, 0.97465440
-0.35722900, -0.23200900, 0.18604500
0.61933760, 0.76408900, -0.18052430
0.46768970, 0.97195070
-0.36497600, -0.19319800, 0.18690900
0.97780840, 0.19677880, -0.07189453
0.46769060, 0.97465440
-0.31861500, -0.11666700, 0.37360300
0.14186730, -0.87242720, -0.46770130
0.53142890, 0.95019980
-0.01668100, 0.05376600, 0.11946100
0.04875784, -0.87381800, -0.48380250
0.44256370, 0.80445580
-0.00763600, -0.11747300, 0.39576500
0.04721142, -0.84835700, -0.52731540
0.53907040, 0.80446460
-0.27604800, 0.02302800, 0.10169800
-0.08061601, -0.81009720, -0.58072680
0.43667870, 0.92617120
-0.00154700, -0.22785100, 0.36998900
-0.04210721, 0.78106800, -0.62302460
0.53103380, 0.80446550
-0.00763600, -0.11747300, 0.39576500
-0.01125692, 0.22680140, -0.97387600
0.53907040, 0.80446460
-0.01551800, 0.24993900, -0.44213500
0.09007090, -0.99564370, -0.02409996
0.25131370, 0.80447450
-0.24422200, 0.20084400, -0.36259800
0.18830610, -0.98005620, -0.06348780
0.26966880, 0.90641970
-0.35713400, -0.22617600, -0.20618700
0.74422200, 0.66777560, 0.01446552
0.33250590, 0.97198050
-0.00171300, -0.20999900, -0.29637500
-0.05482513, 0.99813750, 0.02675390
0.30130850, 0.80446460
-0.36501300, -0.18301300, -0.29307900
0.98229870, 0.18729410, 0.00319553
0.30223780, 0.97468440
-0.02681600, 0.24020300, 0.00618200
0.14570730, -0.98839320, 0.04299052
0.40204180, 0.80445670
0.19339200, 0.23998000, -0.06378700
0.05659033, -0.97652000, 0.20786100
0.37793670, 0.90644760
0.20105000, 0.26006800, -0.02847300
0.14681260, -0.87313300, 0.46484920
0.38995010, 0.91068670
0.35680800, -0.11299300, 0.21413300
-0.94176640, 0.08744657, -0.32469860
0.47639030, 0.97596450
0.30149600, -0.08262700, 0.37435900
-0.57727830, 0.54080860, -0.61178090
0.53136190, 0.95022910
0.34950400, -0.02974100, 0.22528300
-0.94682440, -0.04032392, -0.31921390
0.47959500, 0.97465440
0.35289900, -0.19302700, 0.18691000
-0.69880910, 0.69174650, -0.18207860
0.46762270, 0.97195070
0.35634900, -0.15360100, 0.18778800
-0.99329470, 0.08857543, -0.07429650
0.46762370, 0.97465440
-0.01668100, 0.05376600, 0.11946100
0.04875784, -0.87381800, -0.48380250
0.44249680, 0.80447530
0.30149600, -0.08262700, 0.37435900
-0.04449391, -0.88248050, -0.46823980
0.53136190, 0.95022910
-0.00763600, -0.11747300, 0.39576500
0.04721142, -0.84835700, -0.52731540
0.53900350, 0.80446650
0.24452300, 0.05173700, 0.10253000
0.14153550, -0.81358800, -0.56395230
0.43667870, 0.92618880
-0.00154700, -0.22785100, 0.36998900
-0.04210721, 0.78106800, -0.62302460
0.53096680, 0.80446560
-0.00763600, -0.11747300, 0.39576500
-0.01125692, 0.22680140, -0.97387600
0.53900350, 0.80446650
-0.01551800, 0.24993900, -0.44213500
0.09007090, -0.99564370, -0.02409996
0.25124680, 0.80445660
0.17592000, 0.23900500, -0.37824200
-0.05914428, -0.99822900, 0.00638092
0.26960190, 0.90640180
0.35311800, -0.18718700, -0.20532100
-0.81287620, 0.58230080, 0.01256829
0.33243890, 0.97198060
-0.00171300, -0.20999900, -0.29637500
-0.05482513, 0.99813750, 0.02675390
0.30124150, 0.80446650
0.35643600, -0.14340900, -0.29220000
-0.99690210, 0.07864829, 0.00078399
0.30217080, 0.97468440
0.20105000, 0.26006800, -0.02847300
-0.94521560, -0.18650220, 0.26792600
0.38995010, 0.91068670
0.29799400, 0.06451900, 0.17741400
-0.87626530, -0.47988880, -0.04319441
0.46238160, 0.95231620
0.28914200, 0.07138500, 0.24626100
-0.86667140, -0.49500330, -0.06206731
0.48604950, 0.94827600
0.19339200, 0.23998000, -0.06378700
-0.94267490, -0.15766540, 0.29411840
0.37793670, 0.90644760
-0.33138400, 0.04039300, 0.16927400
0.88716900, -0.46085280, -0.02336284
0.46244850, 0.95231610
-0.25345600, 0.19886300, 0.00248800
0.94322880, -0.15422940, 0.29416430
0.39010740, 0.91070430
-0.32349600, 0.04804500, 0.23794400
0.87586110, -0.48026060, -0.04708629
0.48604950, 0.94827600
-0.24355300, 0.17962500, -0.03306900
0.93806310, -0.11872090, 0.32548870
0.37800360, 0.90646560
-0.34848500, 0.05536800, 0.26328800
0.68284830, 0.50582510, 0.52712350
0.49472530, 0.96009920
-0.32349600, 0.04804500, 0.23794400
0.68284830, 0.50582510, 0.52712350
0.48604950, 0.94827600
-0.25345600, 0.19886300, 0.00248800
0.68284830, 0.50582510, 0.52712350
0.39010740, 0.91070430
0.20105000, 0.26006800, -0.02847300
-0.73776410, 0.42234410, 0.52662100
0.38995010, 0.91068670
0.28914200, 0.07138500, 0.24626100
-0.73776410, 0.42234410, 0.52662100
0.48604950, 0.94827600
0.31302400, 0.08140300, 0.27168300
-0.73776410, 0.42234410, 0.52662100
0.49473180, 0.96005460
-0.40666500, -0.07264700, 0.24771700
-0.55445720, -0.02270416, -0.83190240
0.48771960, 0.99150530
-0.36994200, -0.15288800, 0.21324800
-0.57936000, 0.24638690, -0.77693980
0.47645710, 0.97596440
-0.40460400, -0.16428100, 0.23548200
-0.57962880, 0.24959750, -0.77571360
0.48420490, 0.99294200
-0.37182100, -0.06933700, 0.22440400
-0.54926810, -0.08353337, -0.83146060
0.47966190, 0.97465440
-0.36497600, -0.19319800, 0.18690900
-0.53660780, 0.77763070, -0.32763180
0.46769060, 0.97465440
-0.39915800, -0.20849100, 0.20659500
-0.57104360, 0.67508290, -0.46708920
0.47459020, 0.99150530
-0.36501300, -0.18301300, -0.29307900
-0.56377140, 0.76504080, 0.31124650
0.30223780, 0.97468440
-0.39919800, -0.19732100, -0.31983200
-0.63178590, 0.60616530, 0.48312550
0.29312980, 0.99153800
-0.36997800, -0.14154800, -0.31878900
-0.66609690, 0.28381930, 0.68975470
0.29306280, 0.97599430
-0.40464400, -0.15184400, -0.34802900
-0.66629370, 0.27578020, 0.69281880
0.28306710, 0.99297480
-0.37185800, -0.05712100, -0.34714000
-0.66757420, 0.21399750, 0.71312670
0.28264900, 0.97468440
-0.40670500, -0.05924800, -0.37912400
-0.66746380, 0.21495230, 0.71294290
0.27164580, 0.99153800
-0.33129800, 0.05263500, -0.34064700
-0.62478740, 0.33280550, 0.70631520
0.28404700, 0.95225050
-0.36222100, 0.06112700, -0.37200200
-0.63183520, 0.31935420, 0.70625570
0.27317910, 0.96693370
-0.24422200, 0.20084400, -0.36259800
-0.87493200, -0.32587120, 0.35819270
0.26966880, 0.90641970
-0.26667700, 0.22292200, -0.39768900
-0.82559580, 0.05483089, 0.56159160
0.25740980, 0.91666880
-0.24355300, 0.17962500, -0.03306900
-0.58660230, -0.70585690, -0.39706890
0.37800360, 0.90646560
-0.26601400, 0.20096100, -0.03775500
-0.62096330, -0.71961620, -0.31073630
0.37622600, 0.91671910
-0.33138400, 0.04039300, 0.16927400
-0.52388720, -0.47256260, -0.70867970
0.46244850, 0.95231610
-0.36226100, 0.04669400, 0.18796800
-0.53561230, -0.34806450, -0.76939620
0.46884100, 0.96700580
-0.35698900, -0.23399300, 0.02707300
-0.66947670, 0.26890310, 0.69245370
0.30116970, 0.79249820
0.33274800, -0.11513600, 0.00738700
0.48335210, 0.71047150, 0.51146940
0.47992640, 0.77103810
-0.34542600, -0.15236500, 0.00656100
-0.56008770, 0.65275870, 0.51010570
0.30528100, 0.77104340
0.35326300, -0.19500400, 0.02793800
0.63433380, 0.34140830, 0.69358550
0.48407440, 0.79249260
-0.34557100, -0.14420300, -0.24224400
-0.01547983, 0.26056460, 0.96533230
0.30532710, 0.70703670
0.31351500, -0.02361500, -0.26422500
0.51394620, 0.30964300, 0.79998780
0.47622380, 0.68452180
-0.33555600, -0.05924600, -0.26501600
-0.53840680, 0.28751790, 0.79211840
0.30891750, 0.68451370
0.33260300, -0.10697500, -0.24141800
-0.01547989, 0.26056490, 0.96533220
0.47987780, 0.70702090
0.29456700, 0.07174300, -0.28965700
0.41393700, 0.65542940, 0.63171870
0.47262020, 0.65893240
-0.33011600, 0.03759500, -0.29041500
-0.59385810, 0.55681460, 0.58076670
0.31181680, 0.65890730
0.39245900, -0.12052700, 0.23645400
0.55066390, 0.31165540, -0.77436440
0.48413790, 0.99294390
0.34950400, -0.02974100, 0.22528300
0.55639850, -0.00098576, -0.83091500
0.47959500, 0.97465440
0.38444800, -0.02921900, 0.24868100
0.55499700, 0.05457945, -0.83005990
0.48765270, 0.99150720
0.35680800, -0.11299300, 0.21413300
0.55075130, 0.30843510, -0.77559060
0.47639030, 0.97596450
0.29799400, 0.06451900, 0.17741400
0.57569040, -0.38916720, -0.71911710
0.46238160, 0.95231620
0.32795400, 0.07416000, 0.19618200
0.57068260, -0.26707310, -0.77652650
0.46877410, 0.96700770
0.19339200, 0.23998000, -0.06378700
0.66260920, -0.63552530, -0.39630370
0.37793670, 0.90644760
0.21339400, 0.26364600, -0.06842100
0.69535080, -0.64884950, -0.30900090
0.37615910, 0.91670140
0.17592000, 0.23900500, -0.37824200
0.84238550, -0.19420080, 0.50266560
0.26960190, 0.90640180
0.19590900, 0.26317100, -0.40237200
0.77799900, 0.01940982, 0.62796560
0.25734290, 0.91665110
0.29724600, 0.08713900, -0.33988100
0.56641200, 0.41365670, 0.71278720
0.28398020, 0.95225050
0.32713400, 0.09896900, -0.37116200
0.58238850, 0.39996070, 0.70771120
0.27311210, 0.96693570
0.34959100, -0.01751700, -0.34626100
0.63836650, 0.28568230, 0.71475440
0.28258200, 0.97468440
0.38454400, -0.01581300, -0.37815900
0.63815230, 0.28662060, 0.71456990
0.27157880, 0.99154000
0.35689600, -0.10164700, -0.31790300
0.62930770, 0.35494570, 0.69136480
0.29299580, 0.97599440
0.39255500, -0.10808200, -0.34705800
0.63037620, 0.34697550, 0.69443060
0.28300030, 0.99297680
0.35643600, -0.14340900, -0.29220000
0.47584710, 0.82212770, 0.31253100
0.30217080, 0.97468440
0.39205100, -0.15388500, -0.31886800
0.56041830, 0.67164070, 0.48459270
0.29306290, 0.99154000
0.35634900, -0.15360100, 0.18778800
0.44901780, 0.83175460, -0.32644660
0.46762370, 0.97465440
0.39195500, -0.16506300, 0.20755900
0.49480580, 0.73361840, -0.46580180
0.47452320, 0.99150720
-0.37185800, -0.05712100, -0.34714000
-0.89702550, 0.23047760, 0.37712780
0.28724920, 0.67648770
-0.34557100, -0.14420300, -0.24224400
-0.96378860, 0.15942920, 0.21376110
0.30532710, 0.70703670
-0.36997800, -0.14154800, -0.31878900
-0.94892250, 0.07946274, 0.30533890
0.28635930, 0.69922020
0.35689600, -0.10164700, -0.31790300
0.91152830, 0.22901250, 0.34156890
0.49884560, 0.69904360
0.33260300, -0.10697500, -0.24141800
0.93947080, 0.27737720, 0.20113830
0.47987780, 0.70702090
0.34959100, -0.01751700, -0.34626100
0.88699840, 0.27680850, 0.36960920
0.49779300, 0.67626550
0.29724600, 0.08713900, -0.33988100
0.47019710, 0.83649610, 0.28140550
0.48276820, 0.65030640
-0.33129800, 0.05263500, -0.34064700
-0.58798430, 0.74223590, 0.32149690
0.30180200, 0.65035830
-0.35698900, -0.23399300, 0.02707300
-0.66947670, 0.26890310, 0.69245370
0.28425800, 0.77698470
-0.35713400, -0.22617600, -0.20618700
-0.98491910, 0.16364160, 0.05617619
0.28436950, 0.71697460
0.35311800, -0.18718700, -0.20532100
0.96049170, 0.27203530, 0.05875745
0.50084110, 0.71696310
0.35326300, -0.19500400, 0.02793800
0.63433380, 0.34140830, 0.69358550
0.50095750, 0.77697280
0.33260300, -0.10697500, -0.24141800
-0.05482254, 0.99795820, 0.03276902
0.47987780, 0.70702090
-0.34557100, -0.14420300, -0.24224400
-0.05482254, 0.99795820, 0.03276902
0.30532710, 0.70703670
-0.01781500, 0.06960000, 0.32178700
-0.03014071, 0.99454160, -0.09989212
0.51215170, 0.80446460
-0.32349600, 0.04804500, 0.23794400
-0.00942899, 0.97697560, -0.21314260
0.48604950, 0.94827600
-0.34848500, 0.05536800, 0.26328800
0.00661835, 0.96239880, -0.27156000
0.49472530, 0.96009920
0.28914200, 0.07138500, 0.24626100
-0.06383524, 0.97467760, -0.21430960
0.48604950, 0.94827600
-0.01781500, 0.06960000, 0.32178700
-0.03014071, 0.99454160, -0.09989212
0.51208470, 0.80446650
0.31302400, 0.08140300, 0.27168300
-0.07935851, 0.95060920, -0.30007400
0.49473180, 0.96005460
0.35643600, -0.14340900, -0.29220000
0.93348260, 0.24294620, 0.26379430
0.49108350, 0.69395710
0.35689600, -0.10164700, -0.31790300
0.91152830, 0.22901250, 0.34156890
0.48107860, 0.68642450
-0.36501300, -0.18301300, -0.29307900
-0.95565230, 0.13788030, 0.26022620
0.29413960, 0.69397350
-0.36997800, -0.14154800, -0.31878900
-0.94892250, 0.07946274, 0.30533890
0.30415210, 0.68644940
0.29724600, 0.08713900, -0.33988100
0.47019710, 0.83649610, 0.28140550
0.47354040, 0.64542650
-0.33129800, 0.05263500, -0.34064700
-0.58798430, 0.74223590, 0.32149690
0.31167730, 0.64543140
-0.01668100, 0.05376600, 0.11946100
-0.03017394, 0.99485930, -0.09666719
0.44256370, 0.80445580
-0.27604800, 0.02302800, 0.10169800
-0.06021430, 0.97783850, -0.20051440
0.43667870, 0.92617120
0.24452300, 0.05173700, 0.10253000
-0.03173969, 0.99360810, -0.10833100
0.43667870, 0.92618880
-0.01668100, 0.05376600, 0.11946100
-0.03017394, 0.99485930, -0.09666719
0.44249680, 0.80447530
-0.33138400, 0.04039300, 0.16927400
0.15277220, 0.98009880, -0.12675540
0.46244850, 0.95231610
-0.37182100, -0.06933700, 0.22440400
0.15607990, -0.84384920, -0.51337860
0.47966190, 0.97465440
-0.33138400, 0.04039300, 0.16927400
-0.77706500, -0.02951482, -0.62872800
0.46244850, 0.95231610
0.29799400, 0.06451900, 0.17741400
-0.08342462, 0.99048010, -0.10949680
0.46238160, 0.95231620
0.34950400, -0.02974100, 0.22528300
-0.06303544, -0.85550770, -0.51393880
0.47959500, 0.97465440
0.29799400, 0.06451900, 0.17741400
0.79541640, 0.13457500, -0.59093340
0.46238160, 0.95231620
0.19267800, 0.26095900, -0.44471600
0.37757000, 0.21640440, -0.90033880
0.93581550, 0.84347610
0.29466200, 0.10270800, -0.43998500
0.37757000, 0.21640440, -0.90033880
0.96160780, 0.99098180
0.18671200, 0.23541500, -0.45335800
0.37757000, 0.21640440, -0.90033880
0.93329430, 0.86533660
0.29466200, 0.10270800, -0.43998500
0.00276059, -0.02810701, -0.99960110
0.96160780, 0.99098180
0.19267800, 0.26095900, -0.44471600
0.00276059, -0.02810701, -0.99960110
0.93581550, 0.84347610
0.32735600, 0.10450300, -0.43994500
0.00276059, -0.02810701, -0.99960110
0.97281190, 0.99098180
-0.01551800, 0.24993900, -0.44213500
0.06359649, -0.60381050, -0.79458690
0.85300300, 0.86522990
-0.26312100, 0.22108300, -0.44002500
0.06359649, -0.60381050, -0.79458690
0.77325050, 0.84347610
-0.01684000, 0.27404500, -0.46056000
0.06359649, -0.60381050, -0.79458690
0.85453300, 0.82897680
-0.26312100, 0.22108300, -0.44002500
0.00205425, -0.09046839, -0.99589720
0.77325050, 0.84347610
-0.01551800, 0.24993900, -0.44213500
0.00205425, -0.09046839, -0.99589720
0.85300300, 0.86522990
-0.25390300, 0.19637300, -0.43776100
0.00205425, -0.09046839, -0.99589720
0.77593720, 0.86512790
-0.33048500, 0.06839100, -0.44074700
0.11737030, -0.04709276, -0.99197100
0.74736990, 0.99098180
-0.26312100, 0.22108300, -0.44002500
0.11737030, -0.04709276, -0.99197100
0.77325050, 0.84347610
-0.25390300, 0.19637300, -0.43776100
0.11737030, -0.04709276, -0.99197100
0.77593720, 0.86512790
-0.26312100, 0.22108300, -0.44002500
0.00098189, 0.00429330, -0.99999030
0.77325050, 0.84347610
-0.33048500, 0.06839100, -0.44074700
0.00098189, 0.00429330, -0.99999030
0.74736990, 0.99098180
-0.36288000, 0.06661300, -0.44078600
0.00098189, 0.00429330, -0.99999030
0.73626800, 0.99098180
0.19267800, 0.26095900, -0.44471600
0.02223919, -0.60632260, -0.79490770
0.93581550, 0.84347610
-0.01551800, 0.24993900, -0.44213500
0.02223919, -0.60632260, -0.79490770
0.85300300, 0.86522990
-0.01684000, 0.27404500, -0.46056000
0.02223919, -0.60632260, -0.79490770
0.85453300, 0.82897680
-0.01551800, 0.24993900, -0.44213500
-0.02898789, 0.32640360, -0.94478590
0.85300300, 0.86522990
0.19267800, 0.26095900, -0.44471600
-0.02898789, 0.32640360, -0.94478590
0.93581550, 0.84347610
0.18671200, 0.23541500, -0.45335800
-0.02898789, 0.32640360, -0.94478590
0.93329430, 0.86533660
0.29466200, 0.10270800, -0.43998500
-0.04950458, 0.99653630, 0.06681945
0.23297800, 0.75202680
-0.01915400, 0.12082800, -0.88688600
-0.05527915, 0.99846710, 0.00278319
0.12942130, 0.64205770
-0.03082800, 0.08484100, -0.44038100
-0.05848474, 0.99543460, 0.07542865
0.12509060, 0.75202680
0.32679300, 0.11688300, -0.64498600
0.50006540, 0.86596010, -0.00690136
0.24377090, 0.70078690
-0.36317800, 0.07900700, -0.64582600
-0.58797380, 0.80886080, -0.00556214
0.01507180, 0.70078690
-0.33048500, 0.06839100, -0.44074700
-0.05478587, 0.99667410, 0.06032669
0.02576584, 0.75202680
-0.33491300, 0.09412100, -0.85902800
-0.43048770, 0.90219130, -0.02704282
0.02460077, 0.64417040
0.29756200, 0.12884100, -0.85825700
0.32921310, 0.94389440, -0.02611724
0.23424180, 0.64527880
0.32735600, 0.10450300, -0.43994500
0.67948150, 0.72963600, 0.07704686
0.24381460, 0.75202680
-0.36288000, 0.06661300, -0.44078600
-0.76608190, 0.63905500, 0.06875505
0.01502798, 0.75202680
-0.33048500, 0.06839100, -0.44074700
-0.05433933, 0.98644640, 0.15482450
0.02576584, 0.75202680
-0.33129800, 0.05263500, -0.34064700
-0.05433933, 0.98644640, 0.15482450
0.02525162, 0.77709560
-0.03082800, 0.08484100, -0.44038100
-0.05433933, 0.98644640, 0.15482450
0.12509060, 0.75202680
0.29724600, 0.08713900, -0.33988100
-0.05433928, 0.98644650, 0.15482420
0.23358970, 0.77709560
0.29466200, 0.10270800, -0.43998500
-0.05433928, 0.98644650, 0.15482420
0.23297800, 0.75202680
-0.03082800, 0.08484100, -0.44038100
-0.05433928, 0.98644650, 0.15482420
0.12509060, 0.75202680
0.29724600, 0.08713900, -0.33988100
-0.05433934, 0.98644640, 0.15482440
0.23358970, 0.77709560
-0.03082800, 0.08484100, -0.44038100
-0.05433934, 0.98644640, 0.15482440
0.12509060, 0.75202680
-0.33129800, 0.05263500, -0.34064700
-0.05433934, 0.98644640, 0.15482440
0.02525162, 0.77709560
-0.24422200, 0.20084400, -0.36259800
0.85618200, -0.51045530, -0.07992397
0.79977920, 0.87630070
-0.33048500, 0.06839100, -0.44074700
0.85618200, -0.51045530, -0.07992397
0.74736990, 0.99098180
-0.25390300, 0.19637300, -0.43776100
0.85618200, -0.51045530, -0.07992397
0.77593720, 0.86512790
-0.33048500, 0.06839100, -0.44074700
0.85503140, -0.51329140, -0.07384694
0.74736990, 0.99098180
-0.24422200, 0.20084400, -0.36259800
0.85503140, -0.51329140, -0.07384694
0.79977920, 0.87630070
-0.33129800, 0.05263500, -0.34064700
0.85503140, -0.51329140, -0.07384694
0.77407750, 0.99192750
0.29466200, 0.10270800, -0.43998500
-0.76927980, -0.63385440, -0.08023223
0.96160780, 0.99098180
0.17592000, 0.23900500, -0.37824200
-0.76927980, -0.63385440, -0.08023223
0.91132690, 0.87297450
0.18671200, 0.23541500, -0.45335800
-0.76927980, -0.63385440, -0.08023223
0.93329430, 0.86533660
0.17592000, 0.23900500, -0.37824200
-0.76905510, -0.63430620, -0.07880271
0.91132690, 0.87297450
0.29466200, 0.10270800, -0.43998500
-0.76905510, -0.63430620, -0.07880271
0.96160780, 0.99098180
0.29724600, 0.08713900, -0.33988100
-0.76905510, -0.63430620, -0.07880271
0.92720060, 0.98765510
-0.39347900, -0.21262000, 0.20729900
0.97307930, 0.15441800, -0.17108980
0.22111830, 0.89492280
-0.48301000, -0.22575600, -0.31376500
0.98228720, 0.08805540, -0.16540270
0.02455132, 0.87777200
-0.39672300, -0.16714800, 0.22989500
0.98191020, 0.09160152, -0.16571500
0.23098620, 0.87757550
-0.47132600, -0.26554300, -0.28316900
0.97311560, 0.15418900, -0.17109020
0.03487899, 0.89511920
-0.49403100, -0.14125900, -0.35305200
0.97725670, -0.16124230, -0.13773230
0.01282906, 0.84241690
-0.40133800, -0.07833500, 0.23098300
0.98046560, -0.13289590, -0.14500320
0.23459350, 0.84222050
-0.45485800, -0.02405500, -0.36749900
0.93607800, -0.33284420, -0.11389800
0.01440297, 0.79704510
-0.36987700, 0.02080200, 0.16249400
0.92077020, -0.37242270, -0.11611870
0.21521770, 0.80175610
-0.40755400, -0.16378000, 0.24712700
0.84945150, 0.03763793, 0.52632250
0.23680000, 0.87641480
-0.40133800, -0.07833500, 0.23098300
0.84945150, 0.03763793, 0.52632250
0.23459350, 0.84222050
-0.41244500, -0.07144800, 0.24841700
0.84945150, 0.03763793, 0.52632250
0.24060310, 0.83966090
-0.40133800, -0.07833500, 0.23098300
0.84933720, 0.03768053, 0.52650400
0.23459350, 0.84222050
-0.40755400, -0.16378000, 0.24712700
0.84933720, 0.03768053, 0.52650400
0.23680000, 0.87641480
-0.39672300, -0.16714800, 0.22989500
0.84933720, 0.03768053, 0.52650400
0.23098620, 0.87757550
-0.41244500, -0.07144800, 0.24841700
0.81071560, 0.15239350, 0.56525780
0.24060310, 0.83966090
-0.36987700, 0.02080200, 0.16249400
0.81071560, 0.15239350, 0.56525780
0.21521770, 0.80175610
-0.38183400, 0.03135600, 0.17679800
0.81071560, 0.15239350, 0.56525780
0.22017480, 0.79759560
-0.36987700, 0.02080200, 0.16249400
0.85494930, 0.08248150, 0.51211180
0.21521770, 0.80175610
-0.41244500, -0.07144800, 0.24841700
0.85494930, 0.08248150, 0.51211180
0.24060310, 0.83966090
-0.40133800, -0.07833500, 0.23098300
0.85494930, 0.08248150, 0.51211180
0.23459350, 0.84222050
-0.38183400, 0.03135600, 0.17679800
0.53483960, 0.83037350, -0.15628940
0.22017480, 0.79759560
-0.45485800, -0.02405500, -0.36749900
0.53483960, 0.83037350, -0.15628940
0.01440297, 0.79704510
-0.47142100, -0.01611000, -0.38196500
0.53483960, 0.83037350, -0.15628940
0.00845283, 0.79269810
-0.45485800, -0.02405500, -0.36749900
0.54155300, 0.82592600, -0.15673730
0.01440297, 0.79704510
-0.38183400, 0.03135600, 0.17679800
0.54155300, 0.82592600, -0.15673730
0.22017480, 0.79759560
-0.36987700, 0.02080200, 0.16249400
0.54155300, 0.82592600, -0.15673730
0.21521770, 0.80175610
-0.47142100, -0.01611000, -0.38196500
0.60142420, -0.28140320, -0.74773070
0.00845283, 0.79269810
-0.49403100, -0.14125900, -0.35305200
0.60142420, -0.28140320, -0.74773070
0.01282906, 0.84241690
-0.51017000, -0.13778300, -0.36734200
0.60142420, -0.28140320, -0.74773070
0.00679364, 0.83986510
-0.49403100, -0.14125900, -0.35305200
0.55127880, -0.28108040, -0.78554790
0.01282906, 0.84241690
-0.47142100, -0.01611000, -0.38196500
0.55127880, -0.28108040, -0.78554790
0.00845283, 0.79269810
-0.45485800, -0.02405500, -0.36749900
0.55127880, -0.28108040, -0.78554790
0.01440297, 0.79704510
-0.51017000, -0.13778300, -0.36734200
0.59497300, -0.27603000, -0.75486060
0.00679364, 0.83986510
-0.48301000, -0.22575600, -0.31376500
0.59497300, -0.27603000, -0.75486060
0.02455132, 0.87777200
-0.49852500, -0.22556500, -0.32606400
0.59497300, -0.27603000, -0.75486060
0.01915257, 0.87661900
-0.48301000, -0.22575600, -0.31376500
0.60522920, -0.26935360, -0.74909700
0.02455132, 0.87777200
-0.51017000, -0.13778300, -0.36734200
0.60522920, -0.26935360, -0.74909700
0.00679364, 0.83986510
-0.49403100, -0.14125900, -0.35305200
0.60522920, -0.26935360, -0.74909700
0.01282906, 0.84241690
-0.49852500, -0.22556500, -0.32606400
0.55094220, -0.40693610, -0.72860530
0.01915257, 0.87661900
-0.47132600, -0.26554300, -0.28316900
0.55094220, -0.40693610, -0.72860530
0.03487899, 0.89511920
-0.48643100, -0.26689300, -0.29383700
0.55094220, -0.40693610, -0.72860530
0.03004118, 0.89465270
-0.47132600, -0.26554300, -0.28316900
0.56914000, -0.38966350, -0.72404560
0.03487899, 0.89511920
-0.49852500, -0.22556500, -0.32606400
0.56914000, -0.38966350, -0.72404560
0.01915257, 0.87661900
-0.48301000, -0.22575600, -0.31376500
0.56914000, -0.38966350, -0.72404560
0.02455132, 0.87777200
-0.48643100, -0.26689300, -0.29383700
0.01526763, -0.99437000, 0.10485780
0.03004118, 0.89465270
-0.39347900, -0.21262000, 0.20729900
0.01526763, -0.99437000, 0.10485780
0.22111830, 0.89492280
-0.40435900, -0.21110300, 0.22327300
0.01526763, -0.99437000, 0.10485780
0.22639620, 0.89444850
-0.39347900, -0.21262000, 0.20729900
0.01471838, -0.99436760, 0.10495940
0.22111830, 0.89492280
-0.48643100, -0.26689300, -0.29383700
0.01471838, -0.99436760, 0.10495940
0.03004118, 0.89465270
-0.47132600, -0.26554300, -0.28316900
0.01471838, -0.99436760, 0.10495940
0.03487899, 0.89511920
-0.40435900, -0.21110300, 0.22327300
0.80517870, -0.22268790, 0.54963380
0.22639620, 0.89444850
-0.39672300, -0.16714800, 0.22989500
0.80517870, -0.22268790, 0.54963380
0.23098620, 0.87757550
-0.40755400, -0.16378000, 0.24712700
0.80517870, -0.22268790, 0.54963380
0.23680000, 0.87641480
-0.39672300, -0.16714800, 0.22989500
0.79569080, -0.22307300, 0.56312920
0.23098620, 0.87757550
-0.40435900, -0.21110300, 0.22327300
0.79569080, -0.22307300, 0.56312920
0.22639620, 0.89444850
-0.39347900, -0.21262000, 0.20729900
0.79569080, -0.22307300, 0.56312920
0.22111830, 0.89492280
-0.40435900, -0.21110300, 0.22327300
-0.97351960, -0.15185820, 0.17087640
0.45872570, 0.35683180
-0.49852500, -0.22556500, -0.32606400
-0.98231410, -0.08780997, 0.16537370
0.25437300, 0.34038820
-0.48643100, -0.26689300, -0.29383700
-0.97355370, -0.15163900, 0.17087650
0.26510970, 0.35702010
-0.40755400, -0.16378000, 0.24712700
-0.98194920, -0.09125190, 0.16567720
0.46898450, 0.34019990
-0.51017000, -0.13778300, -0.36734200
-0.97841070, 0.15313720, 0.13878560
0.24218750, 0.30664060
-0.41244500, -0.07144800, 0.24841700
-0.98138070, 0.12501040, 0.14582290
0.47265630, 0.30664060
-0.47142100, -0.01611000, -0.38196500
-0.94058220, 0.31913380, 0.11601210
0.24382270, 0.26299060
-0.38183400, 0.03135600, 0.17679800
-0.92620550, 0.35805000, 0.11808340
0.45259140, 0.26750740
0.37884500, -0.16665600, 0.19336800
-0.99990390, 0.01386433, 0.00012321
0.22774860, 0.99274310
0.37953800, -0.11200300, -0.33266400
-0.99857520, -0.05334752, -0.00131468
0.03450530, 0.97749290
0.37894000, -0.15606100, -0.30594000
-0.99990710, 0.01363363, 0.00009923
0.04465840, 0.99291780
0.37944300, -0.12380000, 0.22078700
-0.99875970, -0.04977357, -0.00122865
0.23744970, 0.97731830
0.37171800, -0.02326200, -0.36213600
-0.95386770, -0.30015530, -0.00657094
0.02298138, 0.94605600
0.37162300, -0.03597100, 0.23241200
-0.96222340, -0.27209140, -0.00961442
0.24099600, 0.94588140
0.31455500, 0.08704600, -0.35546700
-0.88549390, -0.46451500, -0.01124202
0.02452843, 0.90571210
0.31534900, 0.06335200, 0.18264500
-0.86536730, -0.50070760, -0.02076933
0.22194770, 0.90990110
0.39245900, -0.12052700, 0.23645400
-0.74431660, -0.15233120, 0.65022150
0.24316500, 0.97628620
0.37162300, -0.03597100, 0.23241200
-0.74431660, -0.15233120, 0.65022150
0.24099600, 0.94588140
0.37944300, -0.12380000, 0.22078700
-0.74431660, -0.15233120, 0.65022150
0.23744970, 0.97731830
0.37162300, -0.03597100, 0.23241200
-0.74445160, -0.15237230, 0.65005730
0.24099600, 0.94588140
0.39245900, -0.12052700, 0.23645400
-0.74445160, -0.15237230, 0.65005730
0.24316500, 0.97628620
0.38444800, -0.02921900, 0.24868100
-0.74445160, -0.15237230, 0.65005730
0.24690400, 0.94360540
0.38444800, -0.02921900, 0.24868100
-0.75854090, -0.10776620, 0.64265240
0.24690400, 0.94360540
0.31534900, 0.06335200, 0.18264500
-0.75854090, -0.10776620, 0.64265240
0.22194770, 0.90990110
0.37162300, -0.03597100, 0.23241200
-0.75854090, -0.10776620, 0.64265240
0.24099600, 0.94588140
0.31534900, 0.06335200, 0.18264500
-0.71621510, -0.03749512, 0.69687160
0.22194770, 0.90990110
0.38444800, -0.02921900, 0.24868100
-0.71621510, -0.03749512, 0.69687160
0.24690400, 0.94360540
0.32795400, 0.07416000, 0.19618200
-0.71621510, -0.03749512, 0.69687160
0.22682110, 0.90620170
0.32795400, 0.07416000, 0.19618200
-0.67112090, 0.74058610, 0.03360051
0.22682110, 0.90620170
0.31455500, 0.08704600, -0.35546700
-0.67112090, 0.74058610, 0.03360051
0.02452843, 0.90571210
0.31534900, 0.06335200, 0.18264500
-0.67112090, 0.74058610, 0.03360051
0.22194770, 0.90990110
0.31455500, 0.08704600, -0.35546700
-0.66512280, 0.74597850, 0.03358078
0.02452843, 0.90571210
0.32795400, 0.07416000, 0.19618200
-0.66512280, 0.74597850, 0.03358078
0.22682110, 0.90620170
0.32713400, 0.09896900, -0.37116200
-0.66512280, 0.74597850, 0.03358078
0.01867903, 0.90184700
0.32713400, 0.09896900, -0.37116200
-0.63151530, -0.28363560, -0.72162260
0.01867903, 0.90184700
0.37171800, -0.02326200, -0.36213600
-0.63151530, -0.28363560, -0.72162260
0.02298138, 0.94605600
0.31455500, 0.08704600, -0.35546700
-0.63151530, -0.28363560, -0.72162260
0.02452843, 0.90571210
0.37171800, -0.02326200, -0.36213600
-0.67395630, -0.29581820, -0.67695980
0.02298138, 0.94605600
0.32713400, 0.09896900, -0.37116200
-0.67395630, -0.29581820, -0.67695980
0.01867903, 0.90184700
0.38454400, -0.01581300, -0.37815900
-0.67395630, -0.29581820, -0.67695980
0.01704789, 0.94378700
0.38454400, -0.01581300, -0.37815900
-0.67959520, -0.28445650, -0.67619150
0.01704789, 0.94378700
0.37953800, -0.11200300, -0.33266400
-0.67959520, -0.28445650, -0.67619150
0.03450530, 0.97749290
0.37171800, -0.02326200, -0.36213600
-0.67959520, -0.28445650, -0.67619150
0.02298138, 0.94605600
0.37953800, -0.11200300, -0.33266400
-0.66963260, -0.28878550, -0.68424790
0.03450530, 0.97749290
0.38454400, -0.01581300, -0.37815900
-0.66963260, -0.28878550, -0.68424790
0.01704789, 0.94378700
0.39255500, -0.10808200, -0.34705800
-0.66963260, -0.28878550, -0.68424790
0.02919779, 0.97646780
0.39255500, -0.10808200, -0.34705800
-0.62320380, -0.39938780, -0.67238860
0.02919779, 0.97646780
0.37894000, -0.15606100, -0.30594000
-0.62320380, -0.39938780, -0.67238860
0.04465840, 0.99291780
0.37953800, -0.11200300, -0.33266400
-0.62320380, -0.39938780, -0.67238860
0.03450530, 0.97749290
0.37894000, -0.15606100, -0.30594000
-0.60379400, -0.41297980, -0.68182150
0.04465840, 0.99291780
0.39255500, -0.10808200, -0.34705800
-0.60379400, -0.41297980, -0.68182150
0.02919779, 0.97646780
0.39205100, -0.15388500, -0.31886800
-0.60379400, -0.41297980, -0.68182150
0.03990227, 0.99250290
0.39205100, -0.15388500, -0.31886800
0.14347610, -0.98943160, -0.02096794
0.03990227, 0.99250290
0.37884500, -0.16665600, 0.19336800
0.14347610, -0.98943160, -0.02096794
0.22774860, 0.99274310
0.37894000, -0.15606100, -0.30594000
0.14347610, -0.98943160, -0.02096794
0.04465840, 0.99291780
0.37884500, -0.16665600, 0.19336800
0.14292640, -0.98951080, -0.02098408
0.22774860, 0.99274310
0.39205100, -0.15388500, -0.31886800
0.14292640, -0.98951080, -0.02098408
0.03990227, 0.99250290
0.39195500, -0.16506300, 0.20755900
0.14292640, -0.98951080, -0.02098408
0.23293710, 0.99232140
0.39195500, -0.16506300, 0.20755900
-0.64905460, -0.40354540, 0.64488700
0.23293710, 0.99232140
0.37944300, -0.12380000, 0.22078700
-0.64905460, -0.40354540, 0.64488700
0.23744970, 0.97731830
0.37884500, -0.16665600, 0.19336800
-0.64905460, -0.40354540, 0.64488700
0.22774860, 0.99274310
0.37944300, -0.12380000, 0.22078700
-0.66065740, -0.40330130, 0.63315080
0.23744970, 0.97731830
0.39195500, -0.16506300, 0.20755900
-0.66065740, -0.40330130, 0.63315080
0.23293710, 0.99232140
0.39245900, -0.12052700, 0.23645400
-0.66065740, -0.40330130, 0.63315080
0.24316500, 0.97628620
0.39195500, -0.16506300, 0.20755900
0.99993660, -0.01125713, -0.00007470
0.45872570, 0.16571130
0.39255500, -0.10808200, -0.34705800
0.99856180, 0.05359653, 0.00131340
0.25437310, 0.14926770
0.39245900, -0.12052700, 0.23645400
0.99874210, 0.05012726, 0.00123002
0.46898450, 0.14907940
0.39205100, -0.15388500, -0.31886800
0.99993910, -0.01103565, -0.00005194
0.26510980, 0.16589980
0.38454400, -0.01581300, -0.37815900
0.95631340, 0.29227330, 0.00639980
0.24218660, 0.11537090
0.38444800, -0.02921900, 0.24868100
0.96436560, 0.26441050, 0.00927857
0.47265630, 0.11523440
0.32713400, 0.09896900, -0.37116200
0.89217670, 0.45155530, 0.01088951
0.24382270, 0.07187015
0.32795400, 0.07416000, 0.19618200
0.87302610, 0.48726130, 0.02004450
0.45259140, 0.07638687
0.24573100, -0.19962800, 0.67398500
-0.00000021, -0.25881940, 0.96592580
0.60608210, 0.66827090
0.38738200, -0.15459400, 0.67398500
-0.00000003, 0.25881850, 0.96592600
0.61838720, 0.70164920
0.24573100, -0.15459400, 0.67398500
0.00000004, 0.25881840, 0.96592600
0.61838720, 0.66827090
0.38738200, -0.19962800, 0.67398500
0.00000004, -0.25882060, 0.96592540
0.60608210, 0.70164920
0.38738200, -0.11559400, 0.65146800
0.00000007, 0.70710680, 0.70710680
0.63069230, 0.70164920
0.24573100, -0.11559400, 0.65146800
-0.00000054, 0.70710810, 0.70710550
0.63069230, 0.66827090
0.38738200, -0.09307700, 0.61246700
-0.00000039, 0.96592580, 0.25881900
0.64299740, 0.70164920
0.24573100, -0.09307700, 0.61246700
-0.00000085, 0.96592630, 0.25881730
0.64299740, 0.66827090
0.38738200, -0.09307700, 0.56743400
-0.00000008, 0.96592580, -0.25881940
0.65530250, 0.70164920
0.24573100, -0.09307700, 0.56743400
0.00000041, 0.96592610, -0.25881800
0.65530250, 0.66827090
0.38738200, -0.11559400, 0.52843400
0.00000102, 0.70710840, -0.70710520
0.66760760, 0.70164920
0.24573100, -0.11559400, 0.52843300
0.00000047, 0.70710690, -0.70710660
0.66760760, 0.66827090
0.38738200, -0.15459400, 0.50591600
0.00000030, 0.25881890, -0.96592590
0.67991270, 0.70164920
0.24573100, -0.15459400, 0.50591700
-0.00000041, 0.25881690, -0.96592640
0.67991270, 0.66827090
0.38738200, -0.19962800, 0.50591700
-0.00000069, -0.25882050, -0.96592550
0.68947230, 0.70164920
0.24573100, -0.19962700, 0.50591700
0.00000004, -0.25881800, -0.96592610
0.68947230, 0.66827090
0.24573100, -0.19962700, 0.50591700
0.00000004, -0.25881800, -0.96592610
0.54730200, 0.66827090
0.38738200, -0.23862800, 0.52843300
-0.00000014, -0.70710550, -0.70710800
0.55686160, 0.70164920
0.24573100, -0.23862800, 0.52843300
0.00000019, -0.70710470, -0.70710880
0.55686160, 0.66827090
0.38738200, -0.19962800, 0.50591700
-0.00000069, -0.25882050, -0.96592550
0.54730200, 0.70164920
0.38738200, -0.26114500, 0.56743400
0.00000008, -0.96592550, -0.25882020
0.56916670, 0.70164910
0.24573100, -0.26114500, 0.56743400
-0.00000015, -0.96592570, -0.25881950
0.56916670, 0.66827090
0.38738200, -0.26114500, 0.61246700
0.00000007, -0.96592610, 0.25881820
0.58147180, 0.70164920
0.24573100, -0.26114500, 0.61246700
0.00000023, -0.96592620, 0.25881780
0.58147180, 0.66827090
0.38738200, -0.23862800, 0.65146800
0.00000019, -0.70710750, 0.70710610
0.59377690, 0.70164920
0.24573100, -0.23862800, 0.65146800
0.00000003, -0.70710700, 0.70710650
0.59377690, 0.66827090
0.24573100, -0.15459400, 0.67398500
-1.00000000, -0.00000065, -0.00000034
0.68396540, 0.78177090
0.24573100, -0.15459400, 0.50591700
-1.00000000, -0.00000016, -0.00000072
0.64606370, 0.79187490
0.24573100, -0.19962800, 0.67398500
-1.00000000, -0.00000021, -0.00000006
0.68667540, 0.79188680
0.24573100, -0.11559400, 0.65146800
-1.00000000, 0.00000011, -0.00000029
0.67652180, 0.77435260
0.24573100, -0.09307700, 0.61246700
-1.00000000, -0.00000008, -0.00000031
0.66634470, 0.77164910
0.24573100, -0.09307700, 0.56743400
-1.00000000, 0.00000088, -0.00000088
0.65619810, 0.77438260
0.24573100, -0.11559400, 0.52843300
-1.00000000, 0.00000116, -0.00000116
0.64880030, 0.78177140
0.24573100, -0.23862800, 0.52843300
-1.00000000, -0.00000103, -0.00000215
0.65620330, 0.80938410
0.24573100, -0.19962700, 0.50591700
-1.00000000, -0.00000127, -0.00000305
0.64875950, 0.80195200
0.24573100, -0.26114500, 0.56743400
-1.00000000, 0.00000092, 0.00000129
0.66636840, 0.81210340
0.24573100, -0.26114500, 0.61246700
-1.00000000, -0.00000120, -0.00000048
0.67652790, 0.80938530
0.24573100, -0.23862800, 0.65146800
-1.00000000, -0.00000042, -0.00000050
0.68395230, 0.80198490
0.38738200, -0.19962800, 0.67398500
1.00000000, 0.00000042, 0.00000011
0.68667540, 0.79186460
0.38738200, -0.15459400, 0.50591600
1.00000000, -0.00000039, 0.00000039
0.64606370, 0.79187660
0.38738200, -0.15459400, 0.67398500
1.00000000, 0.00000056, 0.00000023
0.68395220, 0.78176620
0.38738200, -0.11559400, 0.65146800
1.00000000, -0.00000016, 0.00000031
0.67652810, 0.77436630
0.38738200, -0.09307700, 0.61246700
1.00000000, -0.00000097, 0.00000056
0.66636850, 0.77164830
0.38738200, -0.09307700, 0.56743400
1.00000000, -0.00000170, 0.00000108
0.65620340, 0.77436730
0.38738200, -0.11559400, 0.52843400
1.00000000, -0.00000378, 0.00000316
0.64875990, 0.78179940
0.38738200, -0.19962800, 0.50591700
1.00000000, 0.00000000, 0.00000000
0.64880030, 0.80197970
0.38738200, -0.23862800, 0.52843300
1.00000000, -0.00000028, -0.00000104
0.65619780, 0.80936870
0.38738200, -0.26114500, 0.56743400
1.00000000, -0.00000017, -0.00000091
0.66634480, 0.81210260
0.38738200, -0.26114500, 0.61246700
1.00000000, 0.00000115, 0.00000043
0.67652180, 0.80939890
0.38738200, -0.23862800, 0.65146800
1.00000000, 0.00000068, 0.00000039
0.68396530, 0.80198040
-0.24553300, -0.19962800, 0.67398400
0.00000031, -0.25881860, 0.96592590
0.60608210, 0.66827090
-0.38718400, -0.15459400, 0.67398400
0.00000007, 0.25882000, 0.96592560
0.61838720, 0.70164920
-0.38718400, -0.19962800, 0.67398400
0.00000029, -0.25881900, 0.96592580
0.60608210, 0.70164920
-0.24553300, -0.15459400, 0.67398400
-0.00000022, 0.25881890, 0.96592590
0.61838720, 0.66827090
-0.38718400, -0.11559400, 0.65146800
-0.00000023, 0.70710740, 0.70710620
0.63069230, 0.70164920
-0.24553300, -0.11559400, 0.65146800
-0.00000046, 0.70710690, 0.70710660
0.63069230, 0.66827090
-0.38718400, -0.09307700, 0.61246700
-0.00000039, 0.96592590, 0.25881870
0.64299740, 0.70164920
-0.24553300, -0.09307700, 0.61246700
-0.00000033, 0.96592610, 0.25881820
0.64299740, 0.66827090
-0.38718400, -0.09307700, 0.56743400
-0.00000053, 0.96592680, -0.25881540
0.65530250, 0.70164920
-0.24553300, -0.09307700, 0.56743400
-0.00000007, 0.96592630, -0.25881720
0.65530250, 0.66827090
-0.38718400, -0.11559400, 0.52843300
0.00000020, 0.70710700, -0.70710650
0.66760760, 0.70164920
-0.24553300, -0.11559300, 0.52843300
0.00000050, 0.70710660, -0.70710690
0.66760760, 0.66827090
-0.38718400, -0.15459400, 0.50591600
0.00000069, 0.25881610, -0.96592660
0.67991270, 0.70164920
-0.24553300, -0.15459400, 0.50591600
0.00000018, 0.25881740, -0.96592630
0.67991270, 0.66827090
-0.38718400, -0.19962800, 0.50591600
0.00000018, -0.25881860, -0.96592590
0.68947230, 0.70164920
-0.24553300, -0.19962700, 0.50591600
0.00000011, -0.25881810, -0.96592610
0.68947230, 0.66827090
-0.24553300, -0.19962700, 0.50591600
0.00000011, -0.25881810, -0.96592610
0.54730200, 0.66827090
-0.38718400, -0.23862800, 0.52843300
0.00000059, -0.70710580, -0.70710780
0.55686160, 0.70164920
-0.38718400, -0.19962800, 0.50591600
0.00000018, -0.25881860, -0.96592590
0.54730200, 0.70164920
-0.24553300, -0.23862800, 0.52843300
0.00000049, -0.70710520, -0.70710830
0.55686160, 0.66827090
-0.38718400, -0.26114500, 0.56743300
0.00000031, -0.96592530, -0.25882110
0.56916670, 0.70164910
-0.24553300, -0.26114500, 0.56743400
0.00000045, -0.96592550, -0.25882040
0.56916670, 0.66827090
-0.38718400, -0.26114500, 0.61246700
0.00000062, -0.96592630, 0.25881740
0.58147180, 0.70164920
-0.24553300, -0.26114500, 0.61246700
0.00000100, -0.96592610, 0.25881810
0.58147180, 0.66827090
-0.38718400, -0.23862800, 0.65146800
0.00000088, -0.70710810, 0.70710550
0.59377690, 0.70164920
-0.24553300, -0.23862800, 0.65146800
0.00000079, -0.70710800, 0.70710550
0.59377690, 0.66827090
-0.24553300, -0.15459400, 0.67398400
1.00000000, 0.00000016, 0.00000045
0.68396540, 0.78177090
-0.24553300, -0.19962800, 0.67398400
1.00000000, -0.00000051, 0.00000020
0.68667540, 0.79188680
-0.24553300, -0.15459400, 0.50591600
1.00000000, 0.00000032, 0.00000021
0.64606370, 0.79187490
-0.24553300, -0.11559400, 0.65146800
1.00000000, -0.00000002, 0.00000040
0.67652180, 0.77435260
-0.24553300, -0.09307700, 0.61246700
1.00000000, 0.00000012, 0.00000047
0.66634470, 0.77164910
-0.24553300, -0.09307700, 0.56743400
1.00000000, -0.00000068, 0.00000068
0.65619810, 0.77438260
-0.24553300, -0.11559300, 0.52843300
1.00000000, 0.00000463, -0.00000463
0.64880030, 0.78177140
-0.24553300, -0.23862800, 0.52843300
1.00000000, -0.00000058, -0.00000047
0.65620330, 0.80938410
-0.24553300, -0.19962700, 0.50591600
1.00000000, 0.00000042, 0.00000327
0.64875950, 0.80195200
-0.24553300, -0.26114500, 0.56743400
1.00000000, 0.00000011, 0.00000050
0.66636840, 0.81210340
-0.24553300, -0.26114500, 0.61246700
1.00000000, 0.00000051, 0.00000104
0.67652790, 0.80938530
-0.24553300, -0.23862800, 0.65146800
1.00000000, -0.00000063, 0.00000042
0.68395230, 0.80198490
-0.38718400, -0.19962800, 0.67398400
-1.00000000, -0.00000037, -0.00000033
0.68667540, 0.79186460
-0.38718400, -0.15459400, 0.67398400
-1.00000000, -0.00000156, -0.00000068
0.68395220, 0.78176620
-0.38718400, -0.15459400, 0.50591600
-1.00000000, 0.00000021, -0.00000076
0.64606370, 0.79187660
-0.38718400, -0.11559400, 0.65146800
-1.00000000, -0.00000098, -0.00000078
0.67652810, 0.77436630
-0.38718400, -0.09307700, 0.61246700
-1.00000000, 0.00000044, -0.00000133
0.66636850, 0.77164830
-0.38718400, -0.09307700, 0.56743400
-1.00000000, 0.00000229, -0.00000229
0.65620340, 0.77436730
-0.38718400, -0.11559400, 0.52843300
-1.00000000, 0.00000000, 0.00000000
0.64875990, 0.78179940
-0.38718400, -0.19962800, 0.50591600
-1.00000000, 0.00000000, -0.00000339
0.64880030, 0.80197970
-0.38718400, -0.23862800, 0.52843300
-1.00000000, 0.00000125, 0.00000126
0.65619780, 0.80936870
-0.38718400, -0.26114500, 0.56743300
-1.00000000, 0.00000017, -0.00000032
0.66634480, 0.81210260
-0.38718400, -0.26114500, 0.61246700
-1.00000000, 0.00000028, -0.00000044
0.67652180, 0.80939890
-0.38718400, -0.23862800, 0.65146800
-1.00000000, 0.00000076, -0.00000009
0.68396530, 0.80198040
0.24573100, -0.09228800, -0.56905500
0.00000015, 1.00000000, 0.00000014
0.60608210, 0.66827090
0.38738200, -0.10394300, -0.61255400
0.00000041, 0.86602590, -0.49999920
0.61838720, 0.70164920
0.24573100, -0.10394300, -0.61255400
0.00000054, 0.86602580, -0.49999930
0.61838720, 0.66827090
0.38738200, -0.09228800, -0.56905500
-0.00000017, 1.00000000, -0.00000105
0.60608210, 0.70164920
0.38738200, -0.13578700, -0.64439800
0.00000099, 0.50000040, -0.86602520
0.63069230, 0.70164920
0.24573100, -0.13578700, -0.64439800
0.00000054, 0.49999930, -0.86602580
0.63069230, 0.66827090
0.38738200, -0.17928600, -0.65605300
0.00000043, -0.00000028, -1.00000000
0.64299740, 0.70164920
0.24573100, -0.17928600, -0.65605300
-0.00000001, -0.00000167, -1.00000000
0.64299740, 0.66827090
0.38738200, -0.22278600, -0.64439800
-0.00000012, -0.50000010, -0.86602530
0.65530250, 0.70164920
0.24573100, -0.22278500, -0.64439800
-0.00000010, -0.50000010, -0.86602530
0.65530250, 0.66827090
0.38738200, -0.25462900, -0.61255400
-0.00000016, -0.86602570, -0.49999950
0.66760760, 0.70164920
0.24573100, -0.25462900, -0.61255400
-0.00000014, -0.86602560, -0.49999970
0.66760760, 0.66827090
0.38738200, -0.26628500, -0.56905500
-0.00000024, -1.00000000, -0.00000042
0.67991270, 0.70164920
0.24573100, -0.26628500, -0.56905500
-0.00000013, -1.00000000, -0.00000088
0.67991270, 0.66827090
0.38738200, -0.25462900, -0.52555600
-0.00000014, -0.86602530, 0.50000020
0.68947230, 0.70164920
0.24573100, -0.25462900, -0.52555600
0.00000016, -0.86602560, 0.49999960
0.68947230, 0.66827090
0.24573100, -0.25462900, -0.52555600
0.00000016, -0.86602560, 0.49999960
0.54730200, 0.66827090
0.38738200, -0.22278600, -0.49371200
0.00000031, -0.50000000, 0.86602540
0.55686160, 0.70164920
0.24573100, -0.22278600, -0.49371200
0.00000014, -0.49999950, 0.86602570
0.55686160, 0.66827090
0.38738200, -0.25462900, -0.52555600
-0.00000014, -0.86602530, 0.50000020
0.54730200, 0.70164920
0.38738200, -0.17928600, -0.48205600
0.00000006, -0.00000126, 1.00000000
0.56916670, 0.70164910
0.24573100, -0.17928600, -0.48205600
-0.00000016, -0.00000079, 1.00000000
0.56916670, 0.66827090
0.38738200, -0.13578700, -0.49371200
-0.00000011, 0.49999800, 0.86602660
0.58147180, 0.70164920
0.24573100, -0.13578700, -0.49371200
-0.00000014, 0.49999820, 0.86602650
0.58147180, 0.66827090
0.38738200, -0.10394300, -0.52555500
-0.00000017, 0.86602510, 0.50000040
0.59377690, 0.70164920
0.24573100, -0.10394300, -0.52555500
-0.00000014, 0.86602510, 0.50000060
0.59377690, 0.66827090
0.24573100, -0.10394300, -0.61255400
-1.00000000, -0.00000007, 0.00000060
0.68396540, 0.78177090
0.24573100, -0.26628500, -0.56905500
-1.00000000, 0.00000005, 0.00000016
0.64606370, 0.79187490
0.24573100, -0.09228800, -0.56905500
-1.00000000, 0.00000000, -0.00000044
0.68667540, 0.79188680
0.24573100, -0.13578700, -0.64439800
-1.00000000, -0.00000052, -0.00000039
0.67652180, 0.77435260
0.24573100, -0.17928600, -0.65605300
-1.00000000, -0.00000035, -0.00000078
0.66634470, 0.77164910
0.24573100, -0.22278500, -0.64439800
-1.00000000, 0.00000319, 0.00000285
0.65619810, 0.77438260
0.24573100, -0.25462900, -0.61255400
-1.00000000, 0.00000098, 0.00000158
0.64880030, 0.78177140
0.24573100, -0.22278600, -0.49371200
-1.00000000, 0.00000090, -0.00000153
0.65620330, 0.80938410
0.24573100, -0.25462900, -0.52555600
-1.00000000, -0.00000327, 0.00000088
0.64875950, 0.80195200
0.24573100, -0.17928600, -0.48205600
-1.00000000, 0.00000047, -0.00000091
0.66636840, 0.81210340
0.24573100, -0.13578700, -0.49371200
-1.00000000, -0.00000045, 0.00000053
0.67652790, 0.80938530
0.24573100, -0.10394300, -0.52555500
-1.00000000, -0.00000030, -0.00000063
0.68395230, 0.80198490
0.38738200, -0.09228800, -0.56905500
1.00000000, -0.00000022, 0.00000000
0.68667540, 0.79186460
0.38738200, -0.26628500, -0.56905500
1.00000000, 0.00000072, 0.00000020
0.64606370, 0.79187660
0.38738200, -0.10394300, -0.61255400
1.00000000, -0.00000013, -0.00000049
0.68395220, 0.78176620
0.38738200, -0.13578700, -0.64439800
1.00000000, 0.00000018, 0.00000031
0.67652810, 0.77436630
0.38738200, -0.17928600, -0.65605300
1.00000000, 0.00000027, 0.00000071
0.66636850, 0.77164830
0.38738200, -0.22278600, -0.64439800
1.00000000, -0.00000037, -0.00000021
0.65620340, 0.77436730
0.38738200, -0.25462900, -0.61255400
1.00000000, 0.00000567, 0.00000327
0.64875990, 0.78179940
0.38738200, -0.25462900, -0.52555600
1.00000000, 0.00000447, -0.00000207
0.64880030, 0.80197970
0.38738200, -0.22278600, -0.49371200
1.00000000, -0.00000250, 0.00000195
0.65619780, 0.80936870
0.38738200, -0.17928600, -0.48205600
1.00000000, 0.00000030, -0.00000118
0.66634480, 0.81210260
0.38738200, -0.13578700, -0.49371200
1.00000000, 0.00000036, -0.00000062
0.67652180, 0.80939890
0.38738200, -0.10394300, -0.52555500
1.00000000, -0.00000013, 0.00000049
0.68396530, 0.80198040
-0.24553300, -0.09228800, -0.56905500
-0.00000011, 1.00000000, -0.00000061
0.60608210, 0.66827090
-0.38718400, -0.10394300, -0.61255400
-0.00000016, 0.86602640, -0.49999830
0.61838720, 0.70164920
-0.38718400, -0.09228800, -0.56905500
0.00000011, 1.00000000, -0.00000143
0.60608210, 0.70164920
-0.24553300, -0.10394300, -0.61255400
0.00000007, 0.86602590, -0.49999900
0.61838720, 0.66827090
-0.38718400, -0.13578700, -0.64439800
0.00000049, 0.50000060, -0.86602510
0.63069230, 0.70164920
-0.24553300, -0.13578700, -0.64439800
0.00000071, 0.50000000, -0.86602540
0.63069230, 0.66827090
-0.38718400, -0.17928600, -0.65605300
0.00000079, -0.00000094, -1.00000000
0.64299740, 0.70164920
-0.24553300, -0.17928600, -0.65605300
0.00000051, 0.00000031, -1.00000000
0.64299740, 0.66827090
-0.38718400, -0.22278600, -0.64439800
0.00000050, -0.49999950, -0.86602570
0.65530250, 0.70164920
-0.24553300, -0.22278600, -0.64439800
0.00000051, -0.49999950, -0.86602570
0.65530250, 0.66827090
-0.38718400, -0.25462900, -0.61255400
0.00000025, -0.86602530, -0.50000020
0.66760760, 0.70164920
-0.24553300, -0.25462900, -0.61255400
0.00000036, -0.86602570, -0.49999950
0.66760760, 0.66827090
-0.38718400, -0.26628500, -0.56905500
0.00000019, -1.00000000, -0.00000007
0.67991270, 0.70164920
-0.24553300, -0.26628500, -0.56905500
-0.00000001, -1.00000000, -0.00000061
0.67991270, 0.66827090
-0.38718400, -0.25462900, -0.52555600
-0.00000038, -0.86602550, 0.49999990
0.68947230, 0.70164920
-0.24553300, -0.25462900, -0.52555600
-0.00000050, -0.86602560, 0.49999970
0.68947230, 0.66827090
-0.24553300, -0.25462900, -0.52555600
-0.00000050, -0.86602560, 0.49999970
0.54730200, 0.66827090
-0.38718400, -0.22278600, -0.49371200
-0.00000079, -0.50000010, 0.86602540
0.55686160, 0.70164920
-0.38718400, -0.25462900, -0.52555600
-0.00000038, -0.86602550, 0.49999990
0.54730200, 0.70164920
-0.24553300, -0.22278600, -0.49371200
-0.00000042, -0.49999890, 0.86602600
0.55686160, 0.66827090
-0.38718400, -0.17928600, -0.48205700
-0.00000049, -0.00000271, 1.00000000
0.56916670, 0.70164910
-0.24553300, -0.17928600, -0.48205600
0.00000019, -0.00000054, 1.00000000
0.56916670, 0.66827090
-0.38718400, -0.13578700, -0.49371200
0.00000028, 0.49999750, 0.86602680
0.58147180, 0.70164920
-0.24553300, -0.13578700, -0.49371200
0.00000056, 0.49999830, 0.86602630
0.58147180, 0.66827090
-0.38718400, -0.10394300, -0.52555500
0.00000031, 0.86602530, 0.50000010
0.59377690, 0.70164920
-0.24553300, -0.10394300, -0.52555600
0.00000016, 0.86602510, 0.50000060
0.59377690, 0.66827090
-0.24553300, -0.10394300, -0.61255400
1.00000000, 0.00000050, 0.00000054
0.68396540, 0.78177090
-0.24553300, -0.09228800, -0.56905500
1.00000000, 0.00000022, -0.00000088
0.68667540, 0.79188680
-0.24553300, -0.26628500, -0.56905500
1.00000000, 0.00000025, -0.00000011
0.64606370, 0.79187490
-0.24553300, -0.13578700, -0.64439800
1.00000000, 0.00000025, 0.00000094
0.67652180, 0.77435260
-0.24553300, -0.17928600, -0.65605300
1.00000000, -0.00000082, -0.00000126
0.66634470, 0.77164910
-0.24553300, -0.22278600, -0.64439800
1.00000000, 0.00000093, 0.00000054
0.65619810, 0.77438260
-0.24553300, -0.25462900, -0.61255400
1.00000000, 0.00000000, 0.00000000
0.64880030, 0.78177140
-0.24553300, -0.22278600, -0.49371200
1.00000000, 0.00000014, -0.00000008
0.65620330, 0.80938410
-0.24553300, -0.25462900, -0.52555600
1.00000000, 0.00000142, -0.00000082
0.64875950, 0.80195200
-0.24553300, -0.17928600, -0.48205600
1.00000000, 0.00000028, -0.00000028
0.66636840, 0.81210340
-0.24553300, -0.13578700, -0.49371200
1.00000000, -0.00000014, 0.00000049
0.67652790, 0.80938530
-0.24553300, -0.10394300, -0.52555600
1.00000000, -0.00000001, -0.00000041
0.68395230, 0.80198490
-0.38718400, -0.09228800, -0.56905500
-1.00000000, -0.00000044, 0.00000044
0.68667540, 0.79186460
-0.38718400, -0.10394300, -0.61255400
-1.00000000, -0.00000061, -0.00000054
0.68395220, 0.78176620
-0.38718400, -0.26628500, -0.56905500
-1.00000000, 0.00000056, 0.00000006
0.64606370, 0.79187660
-0.38718400, -0.13578700, -0.64439800
-1.00000000, -0.00000043, -0.00000075
0.67652810, 0.77436630
-0.38718400, -0.17928600, -0.65605300
-1.00000000, 0.00000099, 0.00000143
0.66636850, 0.77164830
-0.38718400, -0.22278600, -0.64439800
-1.00000000, 0.00000238, 0.00000289
0.65620340, 0.77436730
-0.38718400, -0.25462900, -0.61255400
-1.00000000, 0.00000076, 0.00000196
0.64875990, 0.78179940
-0.38718400, -0.25462900, -0.52555600
-1.00000000, 0.00000240, -0.00000240
0.64880030, 0.80197970
-0.38718400, -0.22278600, -0.49371200
-1.00000000, 0.00000146, -0.00000186
0.65619780, 0.80936870
-0.38718400, -0.17928600, -0.48205700
-1.00000000, 0.00000020, -0.00000064
0.66634480, 0.81210260
-0.38718400, -0.13578700, -0.49371200
-1.00000000, -0.00000016, -0.00000023
0.67652180, 0.80939890
-0.38718400, -0.10394300, -0.52555500
-1.00000000, -0.00000034, 0.00000038
0.68396530, 0.80198040
# Number of Faces:
625
# Face Data:
0, 1, 2
1, 0, 3
4, 5, 6
5, 4, 7
2, 8, 9
8, 2, 1
9, 10, 11
10, 9, 8
11, 12, 13
12, 11, 10
14, 15, 16
17, 18, 19
18, 17, 20
19, 21, 22
21, 19, 18
23, 24, 25
24, 23, 26
27, 28, 29
28, 27, 30
27, 29, 31
31, 24, 27
24, 31, 25
32, 33, 34
35, 36, 37
36, 35, 38
36, 39, 40
39, 36, 38
39, 41, 40
41, 39, 42
42, 43, 41
43, 42, 44
43, 44, 45
43, 46, 47
46, 43, 45
48, 49, 50
49, 48, 51
52, 23, 53
23, 52, 20
20, 26, 23
26, 20, 54
20, 17, 54
55, 56, 57
56, 58, 57
58, 59, 57
59, 60, 57
60, 61, 57
15, 62, 63
62, 15, 14
49, 64, 65
64, 49, 51
22, 66, 67
66, 22, 21
62, 68, 63
67, 69, 70
69, 67, 66
69, 71, 70
71, 69, 72
72, 73, 71
73, 72, 74
75, 76, 77
76, 75, 78
79, 80, 81
80, 79, 82
77, 83, 84
83, 77, 76
79, 81, 85
86, 71, 73
87, 88, 86
87, 86, 73
89, 90, 91
90, 89, 92
93, 80, 82
94, 95, 96
96, 97, 94
94, 97, 98
98, 99, 94
99, 98, 100
100, 101, 99
101, 100, 102
102, 103, 101
103, 104, 101
104, 103, 105
105, 106, 104
106, 105, 107
108, 109, 110
111, 112, 113
111, 113, 114
114, 113, 115
115, 113, 116
113, 117, 116
82, 87, 93
87, 82, 88
93, 87, 118
119, 120, 121
122, 1, 3
1, 122, 123
124, 5, 7
5, 124, 125
123, 8, 1
8, 123, 126
126, 10, 8
10, 126, 127
127, 12, 10
12, 127, 128
14, 129, 130
131, 132, 133
132, 131, 134
49, 135, 50
134, 136, 132
136, 134, 137
138, 139, 140
139, 138, 141
142, 143, 144
143, 142, 145
143, 146, 144
138, 146, 143
146, 138, 140
120, 119, 147
148, 149, 150
149, 148, 151
149, 152, 150
152, 149, 153
152, 154, 155
154, 152, 153
155, 156, 157
156, 155, 154
156, 158, 157
156, 159, 158
159, 156, 160
161, 49, 162
49, 161, 135
139, 163, 164
163, 139, 133
141, 133, 139
133, 141, 165
133, 165, 131
34, 166, 119
166, 34, 167
168, 169, 170
170, 169, 171
171, 169, 172
172, 169, 173
173, 169, 174
135, 167, 50
167, 135, 166
130, 62, 14
62, 130, 175
176, 49, 65
49, 177, 162
177, 49, 176
137, 178, 136
178, 137, 179
62, 175, 180
181, 179, 182
179, 181, 178
181, 183, 184
183, 181, 182
184, 185, 186
185, 184, 183
187, 76, 78
76, 187, 188
189, 190, 191
190, 189, 192
188, 83, 76
83, 188, 193
190, 194, 191
195, 185, 183
196, 195, 197
196, 185, 195
198, 90, 92
90, 198, 199
200, 192, 189
201, 202, 203
202, 201, 204
205, 204, 201
205, 206, 207
206, 205, 201
207, 208, 209
208, 207, 206
209, 208, 210
210, 211, 212
211, 210, 208
212, 213, 214
213, 212, 211
215, 216, 217
218, 219, 220
218, 221, 219
221, 222, 219
222, 223, 219
219, 223, 224
225, 65, 226
65, 225, 176
226, 215, 225
215, 226, 108
110, 215, 108
192, 196, 197
196, 192, 200
200, 227, 196
228, 163, 229
163, 228, 164
186, 230, 231
230, 186, 185
73, 232, 233
232, 73, 74
52, 234, 235
234, 52, 53
121, 34, 119
121, 32, 34
215, 110, 216
108, 236, 109
237, 238, 239
238, 237, 240
240, 241, 238
241, 240, 242
242, 239, 241
239, 242, 237
239, 243, 244
243, 239, 238
238, 245, 243
245, 238, 241
241, 244, 245
244, 241, 239
244, 246, 247
246, 244, 243
243, 248, 246
248, 243, 245
245, 247, 248
247, 245, 244
247, 249, 250
249, 247, 246
246, 251, 249
251, 246, 248
248, 250, 251
250, 248, 247
250, 252, 253
252, 250, 249
249, 254, 252
254, 249, 251
251, 253, 254
253, 251, 250
253, 240, 237
240, 253, 252
252, 242, 240
242, 252, 254
254, 237, 242
237, 254, 253
255, 256, 257
256, 255, 258
259, 260, 261
260, 259, 262
263, 262, 259
262, 263, 264
264, 260, 262
260, 264, 265
265, 261, 260
261, 265, 266
266, 259, 261
259, 266, 263
267, 268, 269
270, 271, 272
271, 270, 273
274, 271, 273
275, 276, 277
276, 275, 278
270, 279, 273
279, 270, 280
269, 281, 267
281, 269, 282
279, 283, 273
283, 279, 284
273, 285, 274
285, 273, 283
286, 287, 288
289, 290, 291
290, 289, 292
293, 292, 289
294, 295, 296
295, 294, 297
298, 290, 292
290, 298, 299
287, 300, 301
300, 287, 286
298, 302, 303
302, 298, 292
292, 304, 302
304, 292, 293
305, 306, 307
306, 305, 308
309, 310, 311
310, 309, 312
313, 314, 315
316, 317, 318
319, 320, 321
320, 319, 322
321, 323, 324
323, 321, 320
324, 325, 326
325, 324, 323
326, 327, 328
327, 326, 325
328, 329, 330
329, 328, 327
330, 331, 332
331, 330, 329
332, 333, 334
333, 332, 331
334, 335, 336
335, 334, 333
336, 337, 338
337, 336, 335
338, 322, 319
322, 338, 337
339, 340, 341
340, 339, 342
343, 344, 345
344, 343, 346
345, 347, 348
347, 345, 344
349, 350, 351
350, 349, 352
351, 353, 354
353, 351, 350
354, 355, 356
355, 354, 353
356, 357, 358
357, 356, 355
358, 359, 360
359, 358, 357
360, 361, 362
361, 360, 359
362, 363, 364
363, 362, 361
364, 365, 366
365, 364, 363
366, 367, 368
367, 366, 365
368, 352, 349
352, 368, 367
369, 370, 345
370, 369, 371
372, 344, 373
344, 372, 374
374, 347, 344
347, 374, 375
376, 345, 348
345, 376, 369
370, 377, 341
377, 370, 378
379, 340, 380
340, 379, 373
381, 341, 340
341, 381, 382
383, 384, 385
386, 387, 388
373, 389, 390
389, 373, 379
391, 370, 392
370, 391, 378
348, 393, 394
393, 348, 347
384, 395, 396
395, 384, 383
387, 397, 398
397, 387, 386
384, 396, 399
400, 278, 275
278, 400, 401
402, 397, 386
403, 297, 404
297, 403, 295
405, 406, 407
408, 409, 410
411, 412, 413
414, 415, 416
417, 418, 419
420, 421, 422
423, 424, 425
426, 427, 428
429, 430, 431
430, 429, 432
431, 433, 434
433, 431, 430
433, 430, 435
432, 436, 430
429, 437, 432
438, 434, 433
439, 440, 441
442, 443, 444
445, 446, 447
448, 449, 450
451, 452, 453
454, 455, 456
457, 458, 459
460, 461, 462
461, 460, 463
462, 464, 465
464, 462, 461
465, 466, 467
466, 465, 464
468, 469, 470
471, 472, 473
474, 475, 476
477, 478, 479
480, 481, 482
483, 484, 485
486, 487, 488
489, 490, 491
492, 493, 494
495, 496, 497
498, 499, 500
501, 502, 503
504, 505, 506
507, 508, 509
510, 511, 512
513, 514, 515
516, 517, 518
517, 516, 519
519, 520, 517
520, 519, 521
521, 522, 520
522, 521, 523
524, 525, 526
525, 524, 527
527, 528, 525
528, 527, 529
529, 530, 528
530, 529, 531
532, 533, 534
535, 536, 537
538, 539, 540
541, 542, 543
544, 545, 546
547, 548, 549
550, 551, 552
553, 554, 555
556, 557, 558
559, 560, 561
562, 563, 564
565, 566, 567
568, 569, 570
571, 572, 573
574, 575, 576
577, 578, 579
580, 581, 582
581, 580, 583
582, 584, 585
584, 582, 581
585, 586, 587
586, 585, 584
588, 589, 590
589, 588, 591
590, 592, 593
592, 590, 589
593, 594, 595
594, 593, 592
595, 596, 597
596, 595, 594
597, 598, 599
598, 597, 596
599, 600, 601
600, 599, 598
601, 602, 603
602, 601, 600
604, 605, 606
605, 604, 607
606, 608, 609
608, 606, 605
609, 610, 611
610, 609, 608
611, 612, 613
612, 611, 610
613, 591, 588
591, 613, 612
614, 615, 616
617, 615, 614
618, 615, 617
619, 615, 618
620, 615, 619
621, 615, 622
623, 615, 621
624, 615, 623
625, 615, 624
616, 615, 625
626, 627, 628
628, 627, 629
629, 627, 630
630, 627, 631
631, 627, 632
633, 627, 634
634, 627, 635
635, 627, 636
636, 627, 637
637, 627, 626
638, 639, 640
639, 638, 641
641, 642, 639
642, 641, 643
643, 644, 642
644, 643, 645
645, 646, 644
646, 645, 647
647, 648, 646
648, 647, 649
649, 650, 648
650, 649, 651
651, 652, 650
652, 651, 653
654, 655, 656
655, 654, 657
657, 658, 655
658, 657, 659
659, 660, 658
660, 659, 661
661, 662, 660
662, 661, 663
663, 640, 662
640, 663, 638
664, 665, 666
667, 664, 666
668, 667, 666
669, 668, 666
670, 669, 666
671, 672, 666
673, 671, 666
674, 673, 666
675, 674, 666
665, 675, 666
676, 677, 678
677, 679, 678
679, 680, 678
680, 681, 678
681, 682, 678
683, 684, 678
684, 685, 678
685, 686, 678
686, 687, 678
687, 676, 678
688, 689, 690
689, 688, 691
690, 692, 693
692, 690, 689
693, 694, 695
694, 693, 692
695, 696, 697
696, 695, 694
697, 698, 699
698, 697, 696
699, 700, 701
700, 699, 698
701, 702, 703
702, 701, 700
704, 705, 706
705, 704, 707
706, 708, 709
708, 706, 705
709, 710, 711
710, 709, 708
711, 712, 713
712, 711, 710
713, 691, 688
691, 713, 712
714, 715, 716
717, 715, 714
718, 715, 717
719, 715, 718
720, 715, 719
721, 715, 722
723, 715, 721
724, 715, 723
725, 715, 724
716, 715, 725
726, 727, 728
728, 727, 729
729, 727, 730
730, 727, 731
731, 727, 732
733, 727, 734
734, 727, 735
735, 727, 736
736, 727, 737
737, 727, 726
738, 739, 740
739, 738, 741
741, 742, 739
742, 741, 743
743, 744, 742
744, 743, 745
745, 746, 744
746, 745, 747
747, 748, 746
748, 747, 749
749, 750, 748
750, 749, 751
751, 752, 750
752, 751, 753
754, 755, 756
755, 754, 757
757, 758, 755
758, 757, 759
759, 760, 758
760, 759, 761
761, 762, 760
762, 761, 763
763, 740, 762
740, 763, 738
764, 765, 766
767, 764, 766
768, 767, 766
769, 768, 766
770, 769, 766
771, 772, 766
773, 771, 766
774, 773, 766
775, 774, 766
765, 775, 766
776, 777, 778
777, 779, 778
779, 780, 778
780, 781, 778
781, 782, 778
783, 784, 778
784, 785, 778
785, 786, 778
786, 787, 778
787, 776, 778
